metadata,stream,legacy
[kv] plan: 12 layers x 2 (K,V) x 12 heads x 1024 pos x 64 dim x fp16 = 37.7 MB
[kv] arena = ONE contiguous alloc; VRAM free 7194/8585 MB -> headroom 7157 MB after cache
[kv] decode KV traffic = 36.9 KB per token of context (2*L*H*D*2B); at ctx=512 -> 18.9 MB/step
[kv] plan: 12 layers x 2 (K,V) x 12 heads x 1024 pos x 64 dim x fp16 = 37.7 MB
[kv] arena = ONE contiguous alloc; VRAM free 7133/8585 MB -> headroom 7096 MB after cache
[kv] decode KV traffic = 36.9 KB per token of context (2*L*H*D*2B); at ctx=512 -> 18.9 MB/step
metadata,backend,gemv
metadata,samples_per_condition,256
sample,experiment,policy,ctx,pos,rep,token,event_ms,wall_ms,enqueue_ms,update_ms
sample,fixed_single,ordinary,128,128,0,284,1.754112005,1.765400000,1.423200000,0.000000000
sample,fixed_single,ordinary,128,128,1,284,1.611775994,1.621500000,0.845000000,0.000000000
sample,fixed_single,ordinary,128,128,2,284,1.630208015,1.640000000,1.085100000,0.000000000
sample,fixed_single,ordinary,128,128,3,284,1.930240035,1.944000000,1.432100000,0.000000000
sample,fixed_single,ordinary,128,128,4,284,1.641471982,1.649400000,1.326400000,0.000000000
sample,fixed_single,ordinary,128,128,5,284,1.950719953,1.961000000,1.525500000,0.000000000
sample,fixed_single,ordinary,128,128,6,284,1.928192019,1.939500000,1.273800000,0.000000000
sample,fixed_single,ordinary,128,128,7,284,2.028543949,2.038000000,1.687900000,0.000000000
sample,fixed_single,ordinary,128,128,8,284,1.857535958,1.866600000,1.012100000,0.000000000
sample,fixed_single,ordinary,128,128,9,284,1.814527988,1.822900000,1.286400000,0.000000000
sample,fixed_single,ordinary,128,128,10,284,1.745919943,1.754500000,1.427900000,0.000000000
sample,fixed_single,ordinary,128,128,11,284,1.750015974,1.759900000,1.342900000,0.000000000
sample,fixed_single,ordinary,128,128,12,284,1.671167970,1.681700000,1.217000000,0.000000000
sample,fixed_single,ordinary,128,128,13,284,1.932288051,1.942000000,1.533400000,0.000000000
sample,fixed_single,ordinary,128,128,14,284,1.836032033,1.846000000,1.239000000,0.000000000
sample,fixed_single,ordinary,128,128,15,284,2.360320091,2.370300000,1.292000000,0.000000000
sample,fixed_single,ordinary,128,128,16,284,2.254848003,2.264900000,1.759200000,0.000000000
sample,fixed_single,ordinary,128,128,17,284,2.104320049,2.114300000,1.700300000,0.000000000
sample,fixed_single,ordinary,128,128,18,284,2.123775959,2.135700000,1.314500000,0.000000000
sample,fixed_single,ordinary,128,128,19,284,2.007040024,2.016100000,1.122600000,0.000000000
sample,fixed_single,ordinary,128,128,20,284,2.066431999,2.076400000,1.525400000,0.000000000
sample,fixed_single,ordinary,128,128,21,284,2.014208078,2.023700000,1.248700000,0.000000000
sample,fixed_single,ordinary,128,128,22,284,2.057215929,2.066200000,1.631300000,0.000000000
sample,fixed_single,ordinary,128,128,23,284,2.106368065,2.116200000,1.593200000,0.000000000
sample,fixed_single,ordinary,128,128,24,284,2.254848003,2.264800000,1.638100000,0.000000000
sample,fixed_single,ordinary,128,128,25,284,2.046976089,2.056100000,1.689700000,0.000000000
sample,fixed_single,ordinary,128,128,26,284,2.064383984,2.073000000,1.752300000,0.000000000
sample,fixed_single,ordinary,128,128,27,284,2.045952082,2.054900000,1.675600000,0.000000000
sample,fixed_single,ordinary,128,128,28,284,1.798143983,1.808300000,1.123000000,0.000000000
sample,fixed_single,ordinary,128,128,29,284,1.887231946,1.895600000,1.355200000,0.000000000
sample,fixed_single,ordinary,128,128,30,284,2.093055964,2.101900000,1.587500000,0.000000000
sample,fixed_single,ordinary,128,128,31,284,1.989632010,1.999100000,1.466100000,0.000000000
sample,fixed_single,ordinary,128,128,32,284,1.947648048,1.957300000,1.456900000,0.000000000
sample,fixed_single,ordinary,128,128,33,284,2.068480015,2.077300000,1.726200000,0.000000000
sample,fixed_single,ordinary,128,128,34,284,2.075648069,2.085500000,1.642000000,0.000000000
sample,fixed_single,ordinary,128,128,35,284,2.052095890,2.061400000,1.723400000,0.000000000
sample,fixed_single,ordinary,128,128,36,284,2.122751951,2.131400000,1.711900000,0.000000000
sample,fixed_single,ordinary,128,128,37,284,1.995776057,2.004600000,1.375400000,0.000000000
sample,fixed_single,ordinary,128,128,38,284,2.518016100,2.529100000,1.552600000,0.000000000
sample,fixed_single,ordinary,128,128,39,284,2.163712025,2.174300000,1.557900000,0.000000000
sample,fixed_single,ordinary,128,128,40,284,2.096127987,2.106300000,1.655800000,0.000000000
sample,fixed_single,ordinary,128,128,41,284,2.052095890,2.061300000,1.622500000,0.000000000
sample,fixed_single,ordinary,128,128,42,284,2.079744101,2.089200000,1.688900000,0.000000000
sample,fixed_single,ordinary,128,128,43,284,2.118655920,2.127400000,1.549800000,0.000000000
sample,fixed_single,ordinary,128,128,44,284,2.094079971,2.106800000,1.580400000,0.000000000
sample,fixed_single,ordinary,128,128,45,284,2.242559910,2.253900000,1.491300000,0.000000000
sample,fixed_single,ordinary,128,128,46,284,1.646592021,1.667000000,1.169000000,0.000000000
sample,fixed_single,ordinary,128,128,47,284,1.579007983,1.588500000,0.999800000,0.000000000
sample,fixed_single,ordinary,128,128,48,284,1.779711962,1.789300000,1.435900000,0.000000000
sample,fixed_single,ordinary,128,128,49,284,1.624063969,1.633000000,1.263500000,0.000000000
sample,fixed_single,ordinary,128,128,50,284,1.606655955,1.617500000,1.202100000,0.000000000
sample,fixed_single,ordinary,128,128,51,284,1.622015953,1.631700000,1.232900000,0.000000000
sample,fixed_single,ordinary,128,128,52,284,1.634304047,1.642900000,1.281600000,0.000000000
sample,fixed_single,ordinary,128,128,53,284,1.639423966,1.648900000,0.766800000,0.000000000
sample,fixed_single,ordinary,128,128,54,284,1.785856009,1.795400000,1.471600000,0.000000000
sample,fixed_single,ordinary,128,128,55,284,2.116607904,2.126700000,1.332500000,0.000000000
sample,fixed_single,ordinary,128,128,56,284,2.085887909,2.097700000,1.759000000,0.000000000
sample,fixed_single,ordinary,128,128,57,284,2.094079971,2.102100000,1.290800000,0.000000000
sample,fixed_single,ordinary,128,128,58,284,1.952767968,1.962200000,1.606800000,0.000000000
sample,fixed_single,ordinary,128,128,59,284,1.978368044,1.986300000,1.665900000,0.000000000
sample,fixed_single,ordinary,128,128,60,284,1.973152041,1.981300000,1.175300000,0.000000000
sample,fixed_single,ordinary,128,128,61,284,2.211839914,2.223300000,1.863300000,0.000000000
sample,fixed_single,ordinary,128,128,62,284,2.087935925,2.098100000,1.184300000,0.000000000
sample,fixed_single,ordinary,128,128,63,284,2.296832085,2.308500000,1.649000000,0.000000000
sample,fixed_single,ordinary,128,128,64,284,2.447360039,2.457700000,2.107800000,0.000000000
sample,fixed_single,ordinary,128,128,65,284,2.093055964,2.105100000,1.544300000,0.000000000
sample,fixed_single,ordinary,128,128,66,284,2.134016037,2.144300000,1.253100000,0.000000000
sample,fixed_single,ordinary,128,128,67,284,2.119679928,2.131500000,1.741300000,0.000000000
sample,fixed_single,ordinary,128,128,68,284,1.913856030,1.929000000,1.565100000,0.000000000
sample,fixed_single,ordinary,128,128,69,284,2.552831888,2.570900000,1.225700000,0.000000000
sample,fixed_single,ordinary,128,128,70,284,1.999871969,2.015100000,1.685300000,0.000000000
sample,fixed_single,ordinary,128,128,71,284,1.758208036,1.766600000,1.268000000,0.000000000
sample,fixed_single,ordinary,128,128,72,284,1.871871948,1.881400000,1.272000000,0.000000000
sample,fixed_single,ordinary,128,128,73,284,2.055167913,2.064200000,1.611400000,0.000000000
sample,fixed_single,ordinary,128,128,74,284,1.981439948,1.991200000,1.544100000,0.000000000
sample,fixed_single,ordinary,128,128,75,284,2.144288063,2.156000000,1.426900000,0.000000000
sample,fixed_single,ordinary,128,128,76,284,1.997823954,2.012000000,1.053500000,0.000000000
sample,fixed_single,ordinary,128,128,77,284,1.670143962,1.681500000,1.020200000,0.000000000
sample,fixed_single,ordinary,128,128,78,284,1.573887944,1.584200000,0.771700000,0.000000000
sample,fixed_single,ordinary,128,128,79,284,1.924095988,1.932800000,1.463100000,0.000000000
sample,fixed_single,ordinary,128,128,80,284,1.823744059,1.833000000,1.207300000,0.000000000
sample,fixed_single,ordinary,128,128,81,284,1.958912015,1.969300000,1.612800000,0.000000000
sample,fixed_single,ordinary,128,128,82,284,1.721343994,1.729500000,1.331700000,0.000000000
sample,fixed_single,ordinary,128,128,83,284,1.880064011,1.887300000,1.472000000,0.000000000
sample,fixed_single,ordinary,128,128,84,284,1.856511950,1.865900000,1.526000000,0.000000000
sample,fixed_single,ordinary,128,128,85,284,2.037760019,2.048500000,1.689500000,0.000000000
sample,fixed_single,ordinary,128,128,86,284,1.694720030,1.704000000,1.374100000,0.000000000
sample,fixed_single,ordinary,128,128,87,284,2.438143969,2.449500000,1.023300000,0.000000000
sample,fixed_single,ordinary,128,128,88,284,2.168832064,2.181600000,1.592000000,0.000000000
sample,fixed_single,ordinary,128,128,89,284,1.894400001,1.904400000,1.538900000,0.000000000
sample,fixed_single,ordinary,128,128,90,284,1.961984038,1.969800000,1.614700000,0.000000000
sample,fixed_single,ordinary,128,128,91,284,2.250751972,2.260500000,1.812100000,0.000000000
sample,fixed_single,ordinary,128,128,92,284,1.986559987,1.998000000,1.445100000,0.000000000
sample,fixed_single,ordinary,128,128,93,284,2.081792116,2.090700000,1.768500000,0.000000000
sample,fixed_single,ordinary,128,128,94,284,2.191359997,2.202000000,1.743700000,0.000000000
sample,fixed_single,ordinary,128,128,95,284,2.030591965,2.040800000,1.627400000,0.000000000
sample,fixed_single,ordinary,128,128,96,284,1.848320007,1.857900000,1.248100000,0.000000000
sample,fixed_single,ordinary,128,128,97,284,1.841151953,1.853500000,1.459600000,0.000000000
sample,fixed_single,ordinary,128,128,98,284,2.236416101,2.245200000,1.742300000,0.000000000
sample,fixed_single,ordinary,128,128,99,284,2.060287952,2.069600000,1.320900000,0.000000000
sample,fixed_single,ordinary,128,128,100,284,1.870847940,1.879100000,1.558400000,0.000000000
sample,fixed_single,ordinary,128,128,101,284,1.657855988,1.664800000,1.262800000,0.000000000
sample,fixed_single,ordinary,128,128,102,284,1.605631948,1.613700000,1.209600000,0.000000000
sample,fixed_single,ordinary,128,128,103,284,1.644351959,1.651900000,1.134800000,0.000000000
sample,fixed_single,ordinary,128,128,104,284,2.022399902,2.031900000,1.179500000,0.000000000
sample,fixed_single,ordinary,128,128,105,284,1.818624020,1.829200000,1.278800000,0.000000000
sample,fixed_single,ordinary,128,128,106,284,1.829887986,1.839000000,1.500200000,0.000000000
sample,fixed_single,ordinary,128,128,107,284,1.872895956,1.881400000,1.428500000,0.000000000
sample,fixed_single,ordinary,128,128,108,284,1.989632010,1.999700000,1.642600000,0.000000000
sample,fixed_single,ordinary,128,128,109,284,1.764351964,1.773800000,1.115000000,0.000000000
sample,fixed_single,ordinary,128,128,110,284,1.598464012,1.606900000,1.155800000,0.000000000
sample,fixed_single,ordinary,128,128,111,284,1.619968057,1.627800000,1.153500000,0.000000000
sample,fixed_single,ordinary,128,128,112,284,1.909759998,1.918900000,1.366100000,0.000000000
sample,fixed_single,ordinary,128,128,113,284,1.807360053,1.816400000,1.495200000,0.000000000
sample,fixed_single,ordinary,128,128,114,284,1.809407949,1.818100000,1.403500000,0.000000000
sample,fixed_single,ordinary,128,128,115,284,1.851392031,1.861000000,1.539800000,0.000000000
sample,fixed_single,ordinary,128,128,116,284,1.779711962,1.788500000,1.402400000,0.000000000
sample,fixed_single,ordinary,128,128,117,284,1.853440046,1.862800000,1.441400000,0.000000000
sample,fixed_single,ordinary,128,128,118,284,1.594367981,1.604300000,0.789000000,0.000000000
sample,fixed_single,ordinary,128,128,119,284,1.770463943,1.780800000,1.279000000,0.000000000
sample,fixed_single,ordinary,128,128,120,284,1.651711941,1.661200000,1.171000000,0.000000000
sample,fixed_single,ordinary,128,128,121,284,1.769472003,1.780700000,1.155400000,0.000000000
sample,fixed_single,ordinary,128,128,122,284,2.222079992,2.231600000,1.382600000,0.000000000
sample,fixed_single,ordinary,128,128,123,284,1.948672056,1.956900000,1.371100000,0.000000000
sample,fixed_single,ordinary,128,128,124,284,2.031615973,2.040300000,1.310100000,0.000000000
sample,fixed_single,ordinary,128,128,125,284,1.983487964,1.993800000,1.653900000,0.000000000
sample,fixed_single,ordinary,128,128,126,284,2.116607904,2.126500000,1.711800000,0.000000000
sample,fixed_single,ordinary,128,128,127,284,2.051071882,2.060400000,1.378600000,0.000000000
sample,fixed_single,ordinary,128,128,128,284,1.970175982,1.978400000,1.624400000,0.000000000
sample,fixed_single,ordinary,128,128,129,284,2.232320070,2.240900000,1.886100000,0.000000000
sample,fixed_single,ordinary,128,128,130,284,1.901568055,1.911700000,1.534000000,0.000000000
sample,fixed_single,ordinary,128,128,131,284,2.169856071,2.179700000,1.423500000,0.000000000
sample,fixed_single,ordinary,128,128,132,284,1.990656018,2.000200000,1.264400000,0.000000000
sample,fixed_single,ordinary,128,128,133,284,2.003968000,2.013700000,1.584200000,0.000000000
sample,fixed_single,ordinary,128,128,134,284,2.051071882,2.060200000,1.243200000,0.000000000
sample,fixed_single,ordinary,128,128,135,284,2.210815907,2.220300000,1.367400000,0.000000000
sample,fixed_single,ordinary,128,128,136,284,2.190335989,2.207900000,1.565900000,0.000000000
sample,fixed_single,ordinary,128,128,137,284,2.028543949,2.038900000,1.699000000,0.000000000
sample,fixed_single,ordinary,128,128,138,284,2.142208099,2.151600000,1.367400000,0.000000000
sample,fixed_single,ordinary,128,128,139,284,1.996799946,2.006200000,1.650600000,0.000000000
sample,fixed_single,ordinary,128,128,140,284,2.109440088,2.119500000,1.439700000,0.000000000
sample,fixed_single,ordinary,128,128,141,284,2.268160105,2.280700000,1.323600000,0.000000000
sample,fixed_single,ordinary,128,128,142,284,2.178047895,2.189800000,1.691900000,0.000000000
sample,fixed_single,ordinary,128,128,143,284,2.270207882,2.279800000,1.516100000,0.000000000
sample,fixed_single,ordinary,128,128,144,284,2.057215929,2.067200000,1.484600000,0.000000000
sample,fixed_single,ordinary,128,128,145,284,2.038784027,2.047800000,1.381400000,0.000000000
sample,fixed_single,ordinary,128,128,146,284,2.116607904,2.125400000,1.769200000,0.000000000
sample,fixed_single,ordinary,128,128,147,284,2.106368065,2.114900000,1.372300000,0.000000000
sample,fixed_single,ordinary,128,128,148,284,2.246655941,2.255700000,1.899100000,0.000000000
sample,fixed_single,ordinary,128,128,149,284,2.120703936,2.129700000,1.285700000,0.000000000
sample,fixed_single,ordinary,128,128,150,284,2.165760040,2.178700000,1.818200000,0.000000000
sample,fixed_single,ordinary,128,128,151,284,2.326528072,2.336900000,1.999100000,0.000000000
sample,fixed_single,ordinary,128,128,152,284,2.084863901,2.094100000,1.171800000,0.000000000
sample,fixed_single,ordinary,128,128,153,284,1.992704034,2.001400000,1.337600000,0.000000000
sample,fixed_single,ordinary,128,128,154,284,2.060287952,2.069400000,1.371500000,0.000000000
sample,fixed_single,ordinary,128,128,155,284,2.043904066,2.052800000,1.613500000,0.000000000
sample,fixed_single,ordinary,128,128,156,284,2.105344057,2.115400000,1.697300000,0.000000000
sample,fixed_single,ordinary,128,128,157,284,2.187263966,2.196500000,1.643200000,0.000000000
sample,fixed_single,ordinary,128,128,158,284,2.135040045,2.148800000,1.620100000,0.000000000
sample,fixed_single,ordinary,128,128,159,284,2.115583897,2.125600000,1.633000000,0.000000000
sample,fixed_single,ordinary,128,128,160,284,2.288640022,2.298600000,1.614400000,0.000000000
sample,fixed_single,ordinary,128,128,161,284,2.543616056,2.553300000,1.357800000,0.000000000
sample,fixed_single,ordinary,128,128,162,284,2.137088060,2.146400000,1.515200000,0.000000000
sample,fixed_single,ordinary,128,128,163,284,2.132992029,2.142200000,1.769400000,0.000000000
sample,fixed_single,ordinary,128,128,164,284,2.043904066,2.053200000,1.629400000,0.000000000
sample,fixed_single,ordinary,128,128,165,284,1.997823954,2.007000000,1.648800000,0.000000000
sample,fixed_single,ordinary,128,128,166,284,2.011136055,2.020800000,1.681100000,0.000000000
sample,fixed_single,ordinary,128,128,167,284,2.024447918,2.034000000,1.457100000,0.000000000
sample,fixed_single,ordinary,128,128,168,284,2.020351887,2.031800000,1.612800000,0.000000000
sample,fixed_single,ordinary,128,128,169,284,2.227200031,2.237000000,1.568000000,0.000000000
sample,fixed_single,ordinary,128,128,170,284,2.220031977,2.232100000,1.594100000,0.000000000
sample,fixed_single,ordinary,128,128,171,284,2.485248089,2.494800000,1.772500000,0.000000000
sample,fixed_single,ordinary,128,128,172,284,1.953791976,1.962800000,1.640400000,0.000000000
sample,fixed_single,ordinary,128,128,173,284,2.013184071,2.022400000,1.598300000,0.000000000
sample,fixed_single,ordinary,128,128,174,284,2.037760019,2.049300000,1.347800000,0.000000000
sample,fixed_single,ordinary,128,128,175,284,2.034687996,2.045400000,1.234900000,0.000000000
sample,fixed_single,ordinary,128,128,176,284,1.939455986,1.948400000,1.573900000,0.000000000
sample,fixed_single,ordinary,128,128,177,284,2.132992029,2.143000000,1.771100000,0.000000000
sample,fixed_single,ordinary,128,128,178,284,1.982463956,1.995000000,1.574700000,0.000000000
sample,fixed_single,ordinary,128,128,179,284,2.183167934,2.192100000,1.171700000,0.000000000
sample,fixed_single,ordinary,128,128,180,284,2.473984003,2.487100000,1.831300000,0.000000000
sample,fixed_single,ordinary,128,128,181,284,1.992704034,2.001300000,1.416100000,0.000000000
sample,fixed_single,ordinary,128,128,182,284,2.091007948,2.099600000,1.776100000,0.000000000
sample,fixed_single,ordinary,128,128,183,284,2.051071882,2.060300000,1.686000000,0.000000000
sample,fixed_single,ordinary,128,128,184,284,2.020351887,2.029500000,1.672600000,0.000000000
sample,fixed_single,ordinary,128,128,185,284,1.992704034,2.001300000,0.927800000,0.000000000
sample,fixed_single,ordinary,128,128,186,284,2.174976110,2.183900000,1.653900000,0.000000000
sample,fixed_single,ordinary,128,128,187,284,1.982463956,1.991900000,1.615600000,0.000000000
sample,fixed_single,ordinary,128,128,188,284,2.056191921,2.066300000,1.683300000,0.000000000
sample,fixed_single,ordinary,128,128,189,284,2.254848003,2.270300000,1.920500000,0.000000000
sample,fixed_single,ordinary,128,128,190,284,1.837056041,1.847400000,1.452400000,0.000000000
sample,fixed_single,ordinary,128,128,191,284,2.073600054,2.082900000,1.743200000,0.000000000
sample,fixed_single,ordinary,128,128,192,284,2.235392094,2.244500000,1.922800000,0.000000000
sample,fixed_single,ordinary,128,128,193,284,2.387968063,2.397700000,1.253100000,0.000000000
sample,fixed_single,ordinary,128,128,194,284,2.059263945,2.069400000,1.171900000,0.000000000
sample,fixed_single,ordinary,128,128,195,284,2.114559889,2.123300000,1.768500000,0.000000000
sample,fixed_single,ordinary,128,128,196,284,1.959936023,1.970000000,1.301700000,0.000000000
sample,fixed_single,ordinary,128,128,197,284,1.625087976,1.637500000,0.885900000,0.000000000
sample,fixed_single,ordinary,128,128,198,284,1.582080007,1.592900000,0.963500000,0.000000000
sample,fixed_single,ordinary,128,128,199,284,1.624063969,1.633700000,0.908400000,0.000000000
sample,fixed_single,ordinary,128,128,200,284,1.802240014,1.818300000,1.209700000,0.000000000
sample,fixed_single,ordinary,128,128,201,284,1.901568055,1.913700000,1.580400000,0.000000000
sample,fixed_single,ordinary,128,128,202,284,1.750015974,1.758900000,1.403500000,0.000000000
sample,fixed_single,ordinary,128,128,203,284,1.907711983,1.917300000,1.561500000,0.000000000
sample,fixed_single,ordinary,128,128,204,284,1.811455965,1.820800000,1.412200000,0.000000000
sample,fixed_single,ordinary,128,128,205,284,1.845247984,1.855500000,1.499500000,0.000000000
sample,fixed_single,ordinary,128,128,206,284,1.881088018,1.889900000,1.442900000,0.000000000
sample,fixed_single,ordinary,128,128,207,284,1.956863999,1.966100000,1.524300000,0.000000000
sample,fixed_single,ordinary,128,128,208,284,1.880064011,1.890900000,1.567000000,0.000000000
sample,fixed_single,ordinary,128,128,209,284,1.961984038,1.971100000,1.308700000,0.000000000
sample,fixed_single,ordinary,128,128,210,284,2.188287973,2.197700000,1.842300000,0.000000000
sample,fixed_single,ordinary,128,128,211,284,2.065407991,2.076600000,1.686400000,0.000000000
sample,fixed_single,ordinary,128,128,212,284,2.272255898,2.288000000,1.663500000,0.000000000
sample,fixed_single,ordinary,128,128,213,284,2.167808056,2.177000000,1.855300000,0.000000000
sample,fixed_single,ordinary,128,128,214,284,2.171904087,2.181400000,1.548500000,0.000000000
sample,fixed_single,ordinary,128,128,215,284,2.035712004,2.045300000,1.720800000,0.000000000
sample,fixed_single,ordinary,128,128,216,284,2.224128008,2.289900000,1.640600000,0.000000000
sample,fixed_single,ordinary,128,128,217,284,4.233215809,4.263400000,3.833500000,0.000000000
sample,fixed_single,ordinary,128,128,218,284,2.015232086,2.025600000,1.680500000,0.000000000
sample,fixed_single,ordinary,128,128,219,284,1.888255954,1.898800000,1.511200000,0.000000000
sample,fixed_single,ordinary,128,128,220,284,2.080768108,2.091500000,1.736400000,0.000000000
sample,fixed_single,ordinary,128,128,221,284,1.798143983,1.810200000,1.472500000,0.000000000
sample,fixed_single,ordinary,128,128,222,284,1.894400001,1.905500000,1.533200000,0.000000000
sample,fixed_single,ordinary,128,128,223,284,1.614848018,1.625400000,1.206000000,0.000000000
sample,fixed_single,ordinary,128,128,224,284,1.891327977,1.901300000,1.497900000,0.000000000
sample,fixed_single,ordinary,128,128,225,284,2.032639980,2.042900000,1.688700000,0.000000000
sample,fixed_single,ordinary,128,128,226,284,1.932288051,1.943800000,1.515300000,0.000000000
sample,fixed_single,ordinary,128,128,227,284,1.983487964,1.994200000,1.404400000,0.000000000
sample,fixed_single,ordinary,128,128,228,284,2.132992029,2.143100000,1.678100000,0.000000000
sample,fixed_single,ordinary,128,128,229,284,2.066431999,2.077500000,1.739100000,0.000000000
sample,fixed_single,ordinary,128,128,230,284,1.893375993,1.903000000,1.513500000,0.000000000
sample,fixed_single,ordinary,128,128,231,284,2.128895998,2.138700000,1.795000000,0.000000000
sample,fixed_single,ordinary,128,128,232,284,2.427903891,2.444200000,2.101800000,0.000000000
sample,fixed_single,ordinary,128,128,233,284,2.269184113,2.287300000,1.930500000,0.000000000
sample,fixed_single,ordinary,128,128,234,284,1.669119954,1.677400000,1.273600000,0.000000000
sample,fixed_single,ordinary,128,128,235,284,1.619968057,1.665800000,1.245700000,0.000000000
sample,fixed_single,ordinary,128,128,236,284,2.074624062,2.088300000,1.507900000,0.000000000
sample,fixed_single,ordinary,128,128,237,284,1.957888007,1.968600000,1.562500000,0.000000000
sample,fixed_single,ordinary,128,128,238,284,1.905663967,1.915100000,1.576000000,0.000000000
sample,fixed_single,ordinary,128,128,239,284,2.204672098,2.215600000,1.683600000,0.000000000
sample,fixed_single,ordinary,128,128,240,284,2.214911938,2.231900000,1.875200000,0.000000000
sample,fixed_single,ordinary,128,128,241,284,2.247679949,2.258200000,1.857800000,0.000000000
sample,fixed_single,ordinary,128,128,242,284,2.003968000,2.014500000,1.691200000,0.000000000
sample,fixed_single,ordinary,128,128,243,284,2.142208099,2.153400000,1.504400000,0.000000000
sample,fixed_single,ordinary,128,128,244,284,2.301951885,2.313700000,1.511900000,0.000000000
sample,fixed_single,ordinary,128,128,245,284,2.160640001,2.171700000,1.679900000,0.000000000
sample,fixed_single,ordinary,128,128,246,284,2.169856071,2.181600000,1.667800000,0.000000000
sample,fixed_single,ordinary,128,128,247,284,2.135040045,2.146000000,1.607100000,0.000000000
sample,fixed_single,ordinary,128,128,248,284,2.122751951,2.134100000,1.673100000,0.000000000
sample,fixed_single,ordinary,128,128,249,284,1.933312058,1.945900000,1.619700000,0.000000000
sample,fixed_single,ordinary,128,128,250,284,2.070528030,2.081700000,1.594300000,0.000000000
sample,fixed_single,ordinary,128,128,251,284,2.149375916,2.165900000,1.641400000,0.000000000
sample,fixed_single,ordinary,128,128,252,284,2.470911980,2.482600000,1.528700000,0.000000000
sample,fixed_single,ordinary,128,128,253,284,2.053119898,2.064100000,1.451000000,0.000000000
sample,fixed_single,ordinary,128,128,254,284,2.003968000,2.013400000,1.470700000,0.000000000
sample,fixed_single,ordinary,128,128,255,284,1.959936023,1.970300000,1.611300000,0.000000000
sample,fixed_batch16,ordinary,128,128,0,284,1.956799984,1.957756250,1.925050000,0.000000000
sample,fixed_batch16,ordinary,128,128,1,284,1.714751959,1.715612500,1.562912500,0.000000000
sample,fixed_batch16,ordinary,128,128,2,284,2.005951881,2.007475000,1.984775000,0.000000000
sample,fixed_batch16,ordinary,128,128,3,284,1.934144020,1.935031250,1.882275000,0.000000000
sample,fixed_batch16,ordinary,128,128,4,284,1.958080053,1.959018750,1.937525000,0.000000000
sample,fixed_batch16,ordinary,128,128,5,284,1.856448054,1.857231250,1.794668750,0.000000000
sample,fixed_batch16,ordinary,128,128,6,284,1.632192016,1.633168750,1.355775000,0.000000000
sample,fixed_batch16,ordinary,128,128,7,284,2.079296112,2.081600000,2.059075000,0.000000000
sample,fixed_batch16,ordinary,128,128,8,284,1.926144004,1.926975000,1.884337500,0.000000000
sample,fixed_batch16,ordinary,128,128,9,284,2.061824083,2.062843750,2.037106250,0.000000000
sample,fixed_batch16,ordinary,128,128,10,284,1.940991998,1.941750000,1.848737500,0.000000000
sample,fixed_batch16,ordinary,128,128,11,284,2.047359943,2.048218750,2.026668750,0.000000000
sample,fixed_batch16,ordinary,128,128,12,284,2.052864075,2.053681250,2.031556250,0.000000000
sample,fixed_batch16,ordinary,128,128,13,284,1.955072045,1.955950000,1.934162500,0.000000000
sample,fixed_batch16,ordinary,128,128,14,284,1.929600000,1.930343750,1.898600000,0.000000000
sample,fixed_batch16,ordinary,128,128,15,284,1.747392058,1.748550000,1.723887500,0.000000000
sample,fixed_batch16,ordinary,128,128,16,284,1.826815963,1.827537500,1.672318750,0.000000000
sample,fixed_batch16,ordinary,128,128,17,284,1.994240046,1.995181250,1.954750000,0.000000000
sample,fixed_batch16,ordinary,128,128,18,284,1.948544025,1.949550000,1.872362500,0.000000000
sample,fixed_batch16,ordinary,128,128,19,284,1.968320012,1.969137500,1.946968750,0.000000000
sample,fixed_batch16,ordinary,128,128,20,284,1.935104012,1.935837500,1.890581250,0.000000000
sample,fixed_batch16,ordinary,128,128,21,284,2.002176046,2.003043750,1.976350000,0.000000000
sample,fixed_batch16,ordinary,128,128,22,284,1.928768039,1.929606250,1.905500000,0.000000000
sample,fixed_batch16,ordinary,128,128,23,284,1.971711993,1.972525000,1.903656250,0.000000000
sample,fixed_batch16,ordinary,128,128,24,284,1.684864044,1.685693750,1.571312500,0.000000000
sample,fixed_batch16,ordinary,128,128,25,284,1.961663961,1.962425000,1.941506250,0.000000000
sample,fixed_batch16,ordinary,128,128,26,284,2.083391905,2.084187500,1.992031250,0.000000000
sample,fixed_batch16,ordinary,128,128,27,284,1.877887964,1.878737500,1.853650000,0.000000000
sample,fixed_batch16,ordinary,128,128,28,284,2.028160095,2.028906250,2.008868750,0.000000000
sample,fixed_batch16,ordinary,128,128,29,284,1.798272014,1.799100000,1.660718750,0.000000000
sample,fixed_batch16,ordinary,128,128,30,284,1.984058022,1.985512500,1.954118750,0.000000000
sample,fixed_batch16,ordinary,128,128,31,284,2.022144079,2.023031250,1.963193750,0.000000000
sample,fixed_batch16,ordinary,128,128,32,284,1.871039987,1.871862500,1.850687500,0.000000000
sample,fixed_batch16,ordinary,128,128,33,284,2.020031929,2.020793750,1.998843750,0.000000000
sample,fixed_batch16,ordinary,128,128,34,284,1.922880054,1.923712500,1.873968750,0.000000000
sample,fixed_batch16,ordinary,128,128,35,284,1.956671953,1.957500000,1.925450000,0.000000000
sample,fixed_batch16,ordinary,128,128,36,284,1.754176021,1.754950000,1.733987500,0.000000000
sample,fixed_batch16,ordinary,128,128,37,284,1.877760053,1.878556250,1.858506250,0.000000000
sample,fixed_batch16,ordinary,128,128,38,284,1.774016023,1.775031250,1.529462500,0.000000000
sample,fixed_batch16,ordinary,128,128,39,284,1.858175993,1.859481250,1.836975000,0.000000000
sample,fixed_batch16,ordinary,128,128,40,284,1.974464059,1.975218750,1.955206250,0.000000000
sample,fixed_batch16,ordinary,128,128,41,284,1.965888023,1.967006250,1.941487500,0.000000000
sample,fixed_batch16,ordinary,128,128,42,284,1.966969967,1.967625000,1.944806250,0.000000000
sample,fixed_batch16,ordinary,128,128,43,284,1.968639970,1.969425000,1.901831250,0.000000000
sample,fixed_batch16,ordinary,128,128,44,284,1.923071980,1.923912500,1.868162500,0.000000000
sample,fixed_batch16,ordinary,128,128,45,284,1.938943982,1.939700000,1.878950000,0.000000000
sample,fixed_batch16,ordinary,128,128,46,284,1.933312058,1.934100000,1.911956250,0.000000000
sample,fixed_batch16,ordinary,128,128,47,284,2.014591932,2.015525000,1.994812500,0.000000000
sample,fixed_batch16,ordinary,128,128,48,284,1.955008030,1.955750000,1.935643750,0.000000000
sample,fixed_batch16,ordinary,128,128,49,284,1.992128015,1.992900000,1.971437500,0.000000000
sample,fixed_single,ordinary,512,512,0,837,1.859583974,1.869400000,1.313400000,0.000000000
sample,fixed_single,ordinary,512,512,1,837,1.880064011,1.889800000,1.280400000,0.000000000
sample,fixed_single,ordinary,512,512,2,837,1.880064011,1.890000000,1.310100000,0.000000000
sample,fixed_single,ordinary,512,512,3,837,1.842175961,1.852600000,1.309200000,0.000000000
sample,fixed_single,ordinary,512,512,4,837,1.998847961,2.010100000,1.538600000,0.000000000
sample,fixed_single,ordinary,512,512,5,837,1.989632010,2.003900000,1.642100000,0.000000000
sample,fixed_single,ordinary,512,512,6,837,1.958912015,1.971500000,1.641200000,0.000000000
sample,fixed_single,ordinary,512,512,7,837,1.949695945,1.960700000,1.227800000,0.000000000
sample,fixed_single,ordinary,512,512,8,837,1.996799946,2.011600000,1.651600000,0.000000000
sample,fixed_single,ordinary,512,512,9,837,1.987583995,1.998800000,1.626800000,0.000000000
sample,fixed_single,ordinary,512,512,10,837,3.241983891,3.269400000,2.873400000,0.000000000
sample,fixed_single,ordinary,512,512,11,837,1.808127999,1.818500000,0.926100000,0.000000000
sample,fixed_single,ordinary,512,512,12,837,1.826815963,1.835600000,1.089500000,0.000000000
sample,fixed_single,ordinary,512,512,13,837,1.868672013,1.877000000,1.309600000,0.000000000
sample,fixed_single,ordinary,512,512,14,837,1.830752015,1.839500000,1.155600000,0.000000000
sample,fixed_single,ordinary,512,512,15,837,1.845247984,1.855500000,1.119700000,0.000000000
sample,fixed_single,ordinary,512,512,16,837,1.966079950,1.976900000,1.641600000,0.000000000
sample,fixed_single,ordinary,512,512,17,837,1.968127966,1.978200000,1.531900000,0.000000000
sample,fixed_single,ordinary,512,512,18,837,1.876991987,1.887400000,1.178900000,0.000000000
sample,fixed_single,ordinary,512,512,19,837,1.938431978,1.948100000,1.313500000,0.000000000
sample,fixed_single,ordinary,512,512,20,837,1.864704013,1.873100000,1.256300000,0.000000000
sample,fixed_single,ordinary,512,512,21,837,1.796095967,1.804000000,0.991800000,0.000000000
sample,fixed_single,ordinary,512,512,22,837,1.829759955,1.837600000,0.899100000,0.000000000
sample,fixed_single,ordinary,512,512,23,837,1.830911994,1.840000000,0.900100000,0.000000000
sample,fixed_single,ordinary,512,512,24,837,1.899520040,1.907600000,0.773700000,0.000000000
sample,fixed_single,ordinary,512,512,25,837,1.844223976,1.853700000,1.468400000,0.000000000
sample,fixed_single,ordinary,512,512,26,837,2.123775959,2.132600000,1.703300000,0.000000000
sample,fixed_single,ordinary,512,512,27,837,2.052095890,2.061100000,1.209400000,0.000000000
sample,fixed_single,ordinary,512,512,28,837,1.878015995,1.887700000,1.161600000,0.000000000
sample,fixed_single,ordinary,512,512,29,837,1.945600033,1.954900000,1.326400000,0.000000000
sample,fixed_single,ordinary,512,512,30,837,1.917951941,1.928100000,1.494000000,0.000000000
sample,fixed_single,ordinary,512,512,31,837,1.840127945,1.850100000,1.077600000,0.000000000
sample,fixed_single,ordinary,512,512,32,837,1.923071980,1.933800000,1.111800000,0.000000000
sample,fixed_single,ordinary,512,512,33,837,1.878015995,1.890900000,1.529300000,0.000000000
sample,fixed_single,ordinary,512,512,34,837,1.853440046,1.873200000,1.210900000,0.000000000
sample,fixed_single,ordinary,512,512,35,837,2.056191921,2.066900000,1.697600000,0.000000000
sample,fixed_single,ordinary,512,512,36,837,2.256896019,2.267800000,1.455500000,0.000000000
sample,fixed_single,ordinary,512,512,37,837,2.008064032,2.018600000,1.616300000,0.000000000
sample,fixed_single,ordinary,512,512,38,837,1.921023965,1.930800000,1.225100000,0.000000000
sample,fixed_single,ordinary,512,512,39,837,1.896448016,1.908600000,0.977600000,0.000000000
sample,fixed_single,ordinary,512,512,40,837,1.880064011,1.889600000,1.533000000,0.000000000
sample,fixed_single,ordinary,512,512,41,837,1.906687975,1.916600000,1.296500000,0.000000000
sample,fixed_single,ordinary,512,512,42,837,1.840127945,1.854600000,0.987800000,0.000000000
sample,fixed_single,ordinary,512,512,43,837,1.839104056,1.852700000,1.322200000,0.000000000
sample,fixed_single,ordinary,512,512,44,837,1.844223976,1.856100000,1.360600000,0.000000000
sample,fixed_single,ordinary,512,512,45,837,1.887231946,1.897600000,1.424000000,0.000000000
sample,fixed_single,ordinary,512,512,46,837,1.845247984,1.856100000,1.213300000,0.000000000
sample,fixed_single,ordinary,512,512,47,837,1.845247984,1.855900000,1.014400000,0.000000000
sample,fixed_single,ordinary,512,512,48,837,1.965055943,1.975900000,1.054900000,0.000000000
sample,fixed_single,ordinary,512,512,49,837,1.874943972,1.884500000,1.300300000,0.000000000
sample,fixed_single,ordinary,512,512,50,837,1.872895956,1.882900000,0.903500000,0.000000000
sample,fixed_single,ordinary,512,512,51,837,1.874943972,1.884200000,1.038800000,0.000000000
sample,fixed_single,ordinary,512,512,52,837,1.966079950,1.992800000,1.622800000,0.000000000
sample,fixed_single,ordinary,512,512,53,837,1.914880037,1.927800000,1.597400000,0.000000000
sample,fixed_single,ordinary,512,512,54,837,1.939455986,1.951800000,1.367600000,0.000000000
sample,fixed_single,ordinary,512,512,55,837,1.892351985,1.903200000,1.539900000,0.000000000
sample,fixed_single,ordinary,512,512,56,837,1.858559966,1.868500000,1.139700000,0.000000000
sample,fixed_single,ordinary,512,512,57,837,1.913856030,1.924400000,1.571900000,0.000000000
sample,fixed_single,ordinary,512,512,58,837,1.844223976,1.854100000,1.269800000,0.000000000
sample,fixed_single,ordinary,512,512,59,837,1.880064011,1.890100000,1.164400000,0.000000000
sample,fixed_single,ordinary,512,512,60,837,1.898496032,1.909400000,1.457700000,0.000000000
sample,fixed_single,ordinary,512,512,61,837,1.889279962,1.900300000,1.525200000,0.000000000
sample,fixed_single,ordinary,512,512,62,837,1.884160042,1.894300000,1.478700000,0.000000000
sample,fixed_single,ordinary,512,512,63,837,1.881088018,1.890200000,1.183000000,0.000000000
sample,fixed_single,ordinary,512,512,64,837,1.888255954,1.898500000,1.316300000,0.000000000
sample,fixed_single,ordinary,512,512,65,837,1.992704034,2.003400000,1.647200000,0.000000000
sample,fixed_single,ordinary,512,512,66,837,2.259968042,2.270100000,1.804200000,0.000000000
sample,fixed_single,ordinary,512,512,67,837,1.909759998,1.919500000,1.189400000,0.000000000
sample,fixed_single,ordinary,512,512,68,837,1.974272013,1.983600000,1.290900000,0.000000000
sample,fixed_single,ordinary,512,512,69,837,1.963008046,1.972800000,1.595500000,0.000000000
sample,fixed_single,ordinary,512,512,70,837,1.989632010,1.999300000,1.445200000,0.000000000
sample,fixed_single,ordinary,512,512,71,837,1.880064011,1.890400000,1.420300000,0.000000000
sample,fixed_single,ordinary,512,512,72,837,1.878015995,1.888300000,1.181200000,0.000000000
sample,fixed_single,ordinary,512,512,73,837,1.907711983,1.917100000,1.284100000,0.000000000
sample,fixed_single,ordinary,512,512,74,837,1.848320007,1.857400000,0.973000000,0.000000000
sample,fixed_single,ordinary,512,512,75,837,1.848320007,1.858200000,1.246600000,0.000000000
sample,fixed_single,ordinary,512,512,76,837,1.951743960,1.961900000,1.007500000,0.000000000
sample,fixed_single,ordinary,512,512,77,837,1.876991987,1.887000000,1.074900000,0.000000000
sample,fixed_single,ordinary,512,512,78,837,1.882112026,1.892300000,1.336300000,0.000000000
sample,fixed_single,ordinary,512,512,79,837,1.972223997,1.982100000,1.200100000,0.000000000
sample,fixed_single,ordinary,512,512,80,837,1.892351985,1.901900000,1.184300000,0.000000000
sample,fixed_single,ordinary,512,512,81,837,1.827679992,1.835400000,0.895500000,0.000000000
sample,fixed_single,ordinary,512,512,82,837,2.139039993,2.148800000,0.963700000,0.000000000
sample,fixed_single,ordinary,512,512,83,837,1.899520040,1.926000000,1.269400000,0.000000000
sample,fixed_single,ordinary,512,512,84,837,1.970175982,1.981100000,1.522100000,0.000000000
sample,fixed_single,ordinary,512,512,85,837,1.875967979,1.886500000,1.453300000,0.000000000
sample,fixed_single,ordinary,512,512,86,837,1.917951941,1.927900000,1.558200000,0.000000000
sample,fixed_single,ordinary,512,512,87,837,1.843199968,1.852400000,1.286800000,0.000000000
sample,fixed_single,ordinary,512,512,88,837,1.882112026,1.891800000,1.471700000,0.000000000
sample,fixed_single,ordinary,512,512,89,837,1.955839992,1.965900000,1.605900000,0.000000000
sample,fixed_single,ordinary,512,512,90,837,1.845247984,1.856000000,1.516500000,0.000000000
sample,fixed_single,ordinary,512,512,91,837,1.903615952,1.913700000,1.223300000,0.000000000
sample,fixed_single,ordinary,512,512,92,837,1.847296000,1.861000000,1.231500000,0.000000000
sample,fixed_single,ordinary,512,512,93,837,1.870847940,1.880800000,0.994800000,0.000000000
sample,fixed_single,ordinary,512,512,94,837,1.855487943,1.865100000,0.944800000,0.000000000
sample,fixed_single,ordinary,512,512,95,837,1.816576004,1.825200000,0.855100000,0.000000000
sample,fixed_single,ordinary,512,512,96,837,1.859583974,1.868300000,0.730500000,0.000000000
sample,fixed_single,ordinary,512,512,97,837,1.798176050,1.807200000,0.813800000,0.000000000
sample,fixed_single,ordinary,512,512,98,837,1.819648027,1.828200000,0.882800000,0.000000000
sample,fixed_single,ordinary,512,512,99,837,1.819648027,1.828900000,0.807600000,0.000000000
sample,fixed_single,ordinary,512,512,100,837,1.900544047,1.927300000,1.104000000,0.000000000
sample,fixed_single,ordinary,512,512,101,837,1.868800044,1.878800000,1.030100000,0.000000000
sample,fixed_single,ordinary,512,512,102,837,1.907711983,1.917300000,0.914100000,0.000000000
sample,fixed_single,ordinary,512,512,103,837,1.870847940,1.880700000,1.207000000,0.000000000
sample,fixed_single,ordinary,512,512,104,837,1.839104056,1.852600000,1.455400000,0.000000000
sample,fixed_single,ordinary,512,512,105,837,2.200576067,2.219000000,1.816500000,0.000000000
sample,fixed_single,ordinary,512,512,106,837,1.841151953,1.850900000,1.398500000,0.000000000
sample,fixed_single,ordinary,512,512,107,837,1.885184050,1.896000000,1.429600000,0.000000000
sample,fixed_single,ordinary,512,512,108,837,1.924095988,1.933800000,1.478300000,0.000000000
sample,fixed_single,ordinary,512,512,109,837,1.879040003,1.888900000,1.518300000,0.000000000
sample,fixed_single,ordinary,512,512,110,837,1.880064011,1.889600000,1.447700000,0.000000000
sample,fixed_single,ordinary,512,512,111,837,2.052095890,2.062300000,1.295300000,0.000000000
sample,fixed_single,ordinary,512,512,112,837,1.895424008,1.905900000,1.481000000,0.000000000
sample,fixed_single,ordinary,512,512,113,837,1.911808014,1.923100000,1.494800000,0.000000000
sample,fixed_single,ordinary,512,512,114,837,1.927168012,1.937300000,1.500200000,0.000000000
sample,fixed_single,ordinary,512,512,115,837,1.885184050,1.895500000,1.323900000,0.000000000
sample,fixed_single,ordinary,512,512,116,837,1.860607982,1.869600000,0.998400000,0.000000000
sample,fixed_single,ordinary,512,512,117,837,1.837056041,1.845700000,1.024700000,0.000000000
sample,fixed_single,ordinary,512,512,118,837,1.848320007,1.857300000,0.919800000,0.000000000
sample,fixed_single,ordinary,512,512,119,837,1.880064011,1.890400000,1.404700000,0.000000000
sample,fixed_single,ordinary,512,512,120,837,1.879040003,1.889300000,1.305800000,0.000000000
sample,fixed_single,ordinary,512,512,121,837,1.972223997,1.982000000,1.332800000,0.000000000
sample,fixed_single,ordinary,512,512,122,837,1.873919964,1.884500000,1.067800000,0.000000000
sample,fixed_single,ordinary,512,512,123,837,1.875967979,1.886100000,1.154200000,0.000000000
sample,fixed_single,ordinary,512,512,124,837,1.880064011,1.890600000,1.180200000,0.000000000
sample,fixed_single,ordinary,512,512,125,837,1.850368023,1.860000000,0.971000000,0.000000000
sample,fixed_single,ordinary,512,512,126,837,1.832767963,1.840800000,1.128400000,0.000000000
sample,fixed_single,ordinary,512,512,127,837,1.825791955,1.834900000,0.884900000,0.000000000
sample,fixed_single,ordinary,512,512,128,837,1.884160042,1.892400000,1.021200000,0.000000000
sample,fixed_single,ordinary,512,512,129,837,1.868800044,1.878500000,1.195900000,0.000000000
sample,fixed_single,ordinary,512,512,130,837,1.988351941,2.011800000,1.493600000,0.000000000
sample,fixed_single,ordinary,512,512,131,837,2.958336115,3.027400000,1.870900000,0.000000000
sample,fixed_single,ordinary,512,512,132,837,1.860607982,1.870900000,1.440300000,0.000000000
sample,fixed_single,ordinary,512,512,133,837,1.963008046,1.973200000,1.434300000,0.000000000
sample,fixed_single,ordinary,512,512,134,837,1.882112026,1.892100000,1.447900000,0.000000000
sample,fixed_single,ordinary,512,512,135,837,1.890303969,1.900400000,1.239800000,0.000000000
sample,fixed_single,ordinary,512,512,136,837,1.974272013,1.984200000,1.309700000,0.000000000
sample,fixed_single,ordinary,512,512,137,837,1.912832022,1.928900000,1.431600000,0.000000000
sample,fixed_single,ordinary,512,512,138,837,1.873919964,1.883800000,1.191400000,0.000000000
sample,fixed_single,ordinary,512,512,139,837,1.937407970,1.947700000,1.490700000,0.000000000
sample,fixed_single,ordinary,512,512,140,837,1.880064011,1.890600000,1.262500000,0.000000000
sample,fixed_single,ordinary,512,512,141,837,1.876991987,1.887200000,1.064600000,0.000000000
sample,fixed_single,ordinary,512,512,142,837,1.898496032,1.908700000,1.062000000,0.000000000
sample,fixed_single,ordinary,512,512,143,837,1.880064011,1.890100000,1.410100000,0.000000000
sample,fixed_single,ordinary,512,512,144,837,1.800063968,1.807600000,0.857000000,0.000000000
sample,fixed_single,ordinary,512,512,145,837,1.825791955,1.834200000,1.120600000,0.000000000
sample,fixed_single,ordinary,512,512,146,837,1.891263962,1.900000000,0.959800000,0.000000000
sample,fixed_single,ordinary,512,512,147,837,1.810431957,1.826100000,0.867600000,0.000000000
sample,fixed_single,ordinary,512,512,148,837,1.836928010,1.845100000,1.207600000,0.000000000
sample,fixed_single,ordinary,512,512,149,837,1.829856038,1.837500000,1.043200000,0.000000000
sample,fixed_single,ordinary,512,512,150,837,1.827775955,1.835800000,0.894700000,0.000000000
sample,fixed_single,ordinary,512,512,151,837,1.826815963,1.835600000,1.273600000,0.000000000
sample,fixed_single,ordinary,512,512,152,837,1.878015995,1.886500000,0.876300000,0.000000000
sample,fixed_single,ordinary,512,512,153,837,1.823744059,1.832800000,0.892900000,0.000000000
sample,fixed_single,ordinary,512,512,154,837,1.827839971,1.835800000,1.274700000,0.000000000
sample,fixed_single,ordinary,512,512,155,837,1.853440046,1.861200000,1.541700000,0.000000000
sample,fixed_single,ordinary,512,512,156,837,1.821568012,1.839700000,0.997400000,0.000000000
sample,fixed_single,ordinary,512,512,157,837,3.021823883,3.033500000,2.655500000,0.000000000
sample,fixed_single,ordinary,512,512,158,837,1.786751986,1.795300000,1.107900000,0.000000000
sample,fixed_single,ordinary,512,512,159,837,1.900544047,1.910500000,1.554400000,0.000000000
sample,fixed_single,ordinary,512,512,160,837,2.168832064,2.179300000,1.508000000,0.000000000
sample,fixed_single,ordinary,512,512,161,837,1.842175961,1.852300000,1.414600000,0.000000000
sample,fixed_single,ordinary,512,512,162,837,1.974272013,1.985900000,1.154700000,0.000000000
sample,fixed_single,ordinary,512,512,163,837,1.855487943,1.879000000,1.238100000,0.000000000
sample,fixed_single,ordinary,512,512,164,837,1.873919964,1.884900000,1.028100000,0.000000000
sample,fixed_single,ordinary,512,512,165,837,1.839104056,1.849700000,0.757100000,0.000000000
sample,fixed_single,ordinary,512,512,166,837,1.859583974,1.875200000,1.287400000,0.000000000
sample,fixed_single,ordinary,512,512,167,837,1.882112026,1.892300000,1.120700000,0.000000000
sample,fixed_single,ordinary,512,512,168,837,1.927168012,1.937200000,1.588100000,0.000000000
sample,fixed_single,ordinary,512,512,169,837,1.847296000,1.863000000,1.286200000,0.000000000
sample,fixed_single,ordinary,512,512,170,837,1.881088018,1.890700000,1.274100000,0.000000000
sample,fixed_single,ordinary,512,512,171,837,1.878015995,1.887600000,1.263600000,0.000000000
sample,fixed_single,ordinary,512,512,172,837,1.829887986,1.838100000,1.384300000,0.000000000
sample,fixed_single,ordinary,512,512,173,837,1.892287970,1.900500000,0.924300000,0.000000000
sample,fixed_single,ordinary,512,512,174,837,1.831936002,1.841500000,1.321600000,0.000000000
sample,fixed_single,ordinary,512,512,175,837,1.891327977,1.907800000,1.477000000,0.000000000
sample,fixed_single,ordinary,512,512,176,837,1.924095988,1.933500000,1.406600000,0.000000000
sample,fixed_single,ordinary,512,512,177,837,1.956863999,1.966900000,1.506900000,0.000000000
sample,fixed_single,ordinary,512,512,178,837,1.879040003,1.889500000,1.520800000,0.000000000
sample,fixed_single,ordinary,512,512,179,837,1.844223976,1.853900000,1.331900000,0.000000000
sample,fixed_single,ordinary,512,512,180,837,1.974272013,1.984500000,0.979300000,0.000000000
sample,fixed_single,ordinary,512,512,181,837,1.921023965,1.935300000,1.532900000,0.000000000
sample,fixed_single,ordinary,512,512,182,837,2.189311981,2.199800000,1.513000000,0.000000000
sample,fixed_single,ordinary,512,512,183,837,1.955839992,1.966300000,1.040300000,0.000000000
sample,fixed_single,ordinary,512,512,184,837,1.841151953,1.850400000,1.246500000,0.000000000
sample,fixed_single,ordinary,512,512,185,837,1.842175961,1.852600000,1.421100000,0.000000000
sample,fixed_single,ordinary,512,512,186,837,1.881088018,1.891600000,1.148000000,0.000000000
sample,fixed_single,ordinary,512,512,187,837,1.881088018,1.890500000,1.273600000,0.000000000
sample,fixed_single,ordinary,512,512,188,837,1.875967979,1.886000000,1.058500000,0.000000000
sample,fixed_single,ordinary,512,512,189,837,1.872895956,1.883300000,1.483000000,0.000000000
sample,fixed_single,ordinary,512,512,190,837,1.908735991,1.922900000,1.550300000,0.000000000
sample,fixed_single,ordinary,512,512,191,837,1.918975949,1.929900000,1.401900000,0.000000000
sample,fixed_single,ordinary,512,512,192,837,1.864704013,1.875100000,1.368600000,0.000000000
sample,fixed_single,ordinary,512,512,193,837,1.924095988,1.934600000,1.336900000,0.000000000
sample,fixed_single,ordinary,512,512,194,837,1.907711983,1.920200000,1.429500000,0.000000000
sample,fixed_single,ordinary,512,512,195,837,1.848320007,1.859400000,1.429100000,0.000000000
sample,fixed_single,ordinary,512,512,196,837,1.906687975,1.916600000,1.228800000,0.000000000
sample,fixed_single,ordinary,512,512,197,837,1.878015995,1.887700000,1.056100000,0.000000000
sample,fixed_single,ordinary,512,512,198,837,1.881088018,1.891800000,1.161900000,0.000000000
sample,fixed_single,ordinary,512,512,199,837,2.029567957,2.040000000,1.634200000,0.000000000
sample,fixed_single,ordinary,512,512,200,837,2.069504023,2.081300000,1.437900000,0.000000000
sample,fixed_single,ordinary,512,512,201,837,1.915904045,1.925700000,1.465700000,0.000000000
sample,fixed_single,ordinary,512,512,202,837,1.933312058,1.944900000,1.557600000,0.000000000
sample,fixed_single,ordinary,512,512,203,837,1.880064011,1.889900000,1.401400000,0.000000000
sample,fixed_single,ordinary,512,512,204,837,2.123775959,2.135500000,1.695500000,0.000000000
sample,fixed_single,ordinary,512,512,205,837,2.480128050,2.490500000,1.292500000,0.000000000
sample,fixed_single,ordinary,512,512,206,837,1.893375993,1.905000000,1.441300000,0.000000000
sample,fixed_single,ordinary,512,512,207,837,1.887231946,1.896900000,1.420600000,0.000000000
sample,fixed_single,ordinary,512,512,208,837,1.915904045,1.925900000,1.457600000,0.000000000
sample,fixed_single,ordinary,512,512,209,837,1.879040003,1.889500000,1.457800000,0.000000000
sample,fixed_single,ordinary,512,512,210,837,1.841151953,1.849800000,1.248600000,0.000000000
sample,fixed_single,ordinary,512,512,211,837,1.904639959,1.915300000,1.054400000,0.000000000
sample,fixed_single,ordinary,512,512,212,837,1.928192019,1.938500000,1.264600000,0.000000000
sample,fixed_single,ordinary,512,512,213,837,1.845247984,1.856400000,1.025400000,0.000000000
sample,fixed_single,ordinary,512,512,214,837,1.971199989,1.982400000,1.451900000,0.000000000
sample,fixed_single,ordinary,512,512,215,837,1.840127945,1.850500000,1.496900000,0.000000000
sample,fixed_single,ordinary,512,512,216,837,1.866752028,1.877100000,1.147600000,0.000000000
sample,fixed_single,ordinary,512,512,217,837,1.878015995,1.888600000,1.295900000,0.000000000
sample,fixed_single,ordinary,512,512,218,837,1.869824052,1.880400000,1.178900000,0.000000000
sample,fixed_single,ordinary,512,512,219,837,1.875967979,1.886700000,1.049000000,0.000000000
sample,fixed_single,ordinary,512,512,220,837,2.003968000,2.017300000,1.621700000,0.000000000
sample,fixed_single,ordinary,512,512,221,837,2.056191921,2.071700000,1.607900000,0.000000000
sample,fixed_single,ordinary,512,512,222,837,1.971199989,1.988500000,1.349800000,0.000000000
sample,fixed_single,ordinary,512,512,223,837,1.921023965,1.931500000,1.572400000,0.000000000
sample,fixed_single,ordinary,512,512,224,837,1.993728042,2.003100000,1.339100000,0.000000000
sample,fixed_single,ordinary,512,512,225,837,1.880064011,1.890200000,1.303900000,0.000000000
sample,fixed_single,ordinary,512,512,226,837,1.840127945,1.850300000,1.243100000,0.000000000
sample,fixed_single,ordinary,512,512,227,837,1.913856030,1.923400000,1.429400000,0.000000000
sample,fixed_single,ordinary,512,512,228,837,1.881088018,1.891600000,1.283700000,0.000000000
sample,fixed_single,ordinary,512,512,229,837,1.895424008,1.905300000,1.545100000,0.000000000
sample,fixed_single,ordinary,512,512,230,837,1.910784006,1.922000000,1.550100000,0.000000000
sample,fixed_single,ordinary,512,512,231,837,1.925119996,1.933900000,1.084000000,0.000000000
sample,fixed_single,ordinary,512,512,232,837,1.841151953,1.850700000,1.339000000,0.000000000
sample,fixed_single,ordinary,512,512,233,837,1.825791955,1.833700000,0.920000000,0.000000000
sample,fixed_single,ordinary,512,512,234,837,1.836032033,1.844700000,0.913500000,0.000000000
sample,fixed_single,ordinary,512,512,235,837,1.917951941,1.926800000,1.189700000,0.000000000
sample,fixed_single,ordinary,512,512,236,837,1.827839971,1.836000000,1.137000000,0.000000000
sample,fixed_single,ordinary,512,512,237,837,1.828863978,1.836700000,0.859200000,0.000000000
sample,fixed_single,ordinary,512,512,238,837,1.880064011,1.888900000,1.495000000,0.000000000
sample,fixed_single,ordinary,512,512,239,837,1.906687975,1.916200000,1.554900000,0.000000000
sample,fixed_single,ordinary,512,512,240,837,1.894400001,1.906600000,1.449500000,0.000000000
sample,fixed_single,ordinary,512,512,241,837,2.011136055,2.023500000,1.661900000,0.000000000
sample,fixed_single,ordinary,512,512,242,837,1.844223976,1.854800000,1.426000000,0.000000000
sample,fixed_single,ordinary,512,512,243,837,1.892351985,1.902000000,1.191700000,0.000000000
sample,fixed_single,ordinary,512,512,244,837,1.879040003,1.889300000,1.453500000,0.000000000
sample,fixed_single,ordinary,512,512,245,837,1.880064011,1.889500000,1.145700000,0.000000000
sample,fixed_single,ordinary,512,512,246,837,1.942528009,1.953400000,1.177300000,0.000000000
sample,fixed_single,ordinary,512,512,247,837,1.841151953,1.851900000,1.018400000,0.000000000
sample,fixed_single,ordinary,512,512,248,837,1.981439948,2.003500000,1.551900000,0.000000000
sample,fixed_single,ordinary,512,512,249,837,1.911808014,1.928300000,1.530800000,0.000000000
sample,fixed_single,ordinary,512,512,250,837,2.521087885,2.532300000,2.119600000,0.000000000
sample,fixed_single,ordinary,512,512,251,837,2.301951885,2.317400000,1.933000000,0.000000000
sample,fixed_single,ordinary,512,512,252,837,2.012160063,2.024300000,1.567900000,0.000000000
sample,fixed_single,ordinary,512,512,253,837,1.931264043,1.941300000,1.587500000,0.000000000
sample,fixed_single,ordinary,512,512,254,837,1.881088018,1.891400000,1.113400000,0.000000000
sample,fixed_single,ordinary,512,512,255,837,1.971199989,1.980900000,1.329900000,0.000000000
sample,fixed_batch16,ordinary,512,512,0,837,1.841151953,1.842731250,1.320287500,0.000000000
sample,fixed_batch16,ordinary,512,512,1,837,1.858937979,1.859993750,1.034506250,0.000000000
sample,fixed_batch16,ordinary,512,512,2,837,1.902459979,1.903756250,1.387150000,0.000000000
sample,fixed_batch16,ordinary,512,512,3,837,1.831616044,1.833287500,1.223350000,0.000000000
sample,fixed_batch16,ordinary,512,512,4,837,1.978688002,1.980081250,1.001156250,0.000000000
sample,fixed_batch16,ordinary,512,512,5,837,1.818367958,1.821031250,1.140018750,0.000000000
sample,fixed_batch16,ordinary,512,512,6,837,1.893952012,1.895100000,1.551425000,0.000000000
sample,fixed_batch16,ordinary,512,512,7,837,1.852990031,1.854018750,0.992775000,0.000000000
sample,fixed_batch16,ordinary,512,512,8,837,1.799424052,1.801587500,1.063806250,0.000000000
sample,fixed_batch16,ordinary,512,512,9,837,1.871935964,1.873106250,1.137643750,0.000000000
sample,fixed_batch16,ordinary,512,512,10,837,1.833920002,1.835268750,1.202568750,0.000000000
sample,fixed_batch16,ordinary,512,512,11,837,1.996736050,1.998381250,1.730975000,0.000000000
sample,fixed_batch16,ordinary,512,512,12,837,1.951616049,1.953050000,1.435481250,0.000000000
sample,fixed_batch16,ordinary,512,512,13,837,1.825855970,1.828050000,1.179993750,0.000000000
sample,fixed_batch16,ordinary,512,512,14,837,1.912832022,1.914262500,1.306687500,0.000000000
sample,fixed_batch16,ordinary,512,512,15,837,1.930240035,1.931131250,1.538487500,0.000000000
sample,fixed_batch16,ordinary,512,512,16,837,1.817983985,1.818943750,1.108000000,0.000000000
sample,fixed_batch16,ordinary,512,512,17,837,1.897663951,1.898593750,1.142831250,0.000000000
sample,fixed_batch16,ordinary,512,512,18,837,1.966719985,1.968406250,1.156306250,0.000000000
sample,fixed_batch16,ordinary,512,512,19,837,1.828223944,1.831568750,1.246856250,0.000000000
sample,fixed_batch16,ordinary,512,512,20,837,2.012480021,2.015325000,1.183543750,0.000000000
sample,fixed_batch16,ordinary,512,512,21,837,1.921728015,1.924356250,1.320987500,0.000000000
sample,fixed_batch16,ordinary,512,512,22,837,1.945984006,1.947787500,1.556012500,0.000000000
sample,fixed_batch16,ordinary,512,512,23,837,1.883327961,1.885456250,1.255825000,0.000000000
sample,fixed_batch16,ordinary,512,512,24,837,1.897797942,1.902512500,1.239912500,0.000000000
sample,fixed_batch16,ordinary,512,512,25,837,2.016767979,2.019143750,1.761756250,0.000000000
sample,fixed_batch16,ordinary,512,512,26,837,1.939007998,1.940406250,1.298950000,0.000000000
sample,fixed_batch16,ordinary,512,512,27,837,1.870079994,1.871618750,1.313681250,0.000000000
sample,fixed_batch16,ordinary,512,512,28,837,1.913535953,1.914718750,1.380493750,0.000000000
sample,fixed_batch16,ordinary,512,512,29,837,1.996160030,1.997837500,1.450956250,0.000000000
sample,fixed_batch16,ordinary,512,512,30,837,2.037695885,2.040050000,1.663962500,0.000000000
sample,fixed_batch16,ordinary,512,512,31,837,2.012415886,2.014468750,1.854518750,0.000000000
sample,fixed_batch16,ordinary,512,512,32,837,1.864511967,1.865862500,1.403768750,0.000000000
sample,fixed_batch16,ordinary,512,512,33,837,1.849856019,1.851375000,1.375087500,0.000000000
sample,fixed_batch16,ordinary,512,512,34,837,1.940919995,1.942806250,1.575231250,0.000000000
sample,fixed_batch16,ordinary,512,512,35,837,1.922880054,1.924581250,1.527518750,0.000000000
sample,fixed_batch16,ordinary,512,512,36,837,1.893247962,1.896318750,1.673843750,0.000000000
sample,fixed_batch16,ordinary,512,512,37,837,1.881855965,1.884112500,1.383456250,0.000000000
sample,fixed_batch16,ordinary,512,512,38,837,1.940927982,1.943962500,1.078212500,0.000000000
sample,fixed_batch16,ordinary,512,512,39,837,1.879680037,1.883781250,1.342925000,0.000000000
sample,fixed_batch16,ordinary,512,512,40,837,1.909504056,1.913018750,1.453887500,0.000000000
sample,fixed_batch16,ordinary,512,512,41,837,1.879359961,1.882587500,1.200862500,0.000000000
sample,fixed_batch16,ordinary,512,512,42,837,1.902912021,1.905443750,1.023250000,0.000000000
sample,fixed_batch16,ordinary,512,512,43,837,1.863808036,1.866318750,1.158237500,0.000000000
sample,fixed_batch16,ordinary,512,512,44,837,1.898303986,1.901125000,1.136206250,0.000000000
sample,fixed_batch16,ordinary,512,512,45,837,1.932160020,1.934500000,1.559162500,0.000000000
sample,fixed_batch16,ordinary,512,512,46,837,1.916224003,1.917262500,1.527593750,0.000000000
sample,fixed_batch16,ordinary,512,512,47,837,1.870847940,1.872575000,1.259625000,0.000000000
sample,fixed_batch16,ordinary,512,512,48,837,1.922495961,1.925100000,1.471456250,0.000000000
sample,fixed_batch16,ordinary,512,512,49,837,2.062335968,2.064075000,1.903675000,0.000000000
sample,fixed_single,ordinary,1023,1023,0,383,2.197504044,2.208200000,0.905900000,0.000000000
sample,fixed_single,ordinary,1023,1023,1,383,2.211839914,2.227100000,1.395500000,0.000000000
sample,fixed_single,ordinary,1023,1023,2,383,2.177023888,2.189100000,1.070000000,0.000000000
sample,fixed_single,ordinary,1023,1023,3,383,2.135040045,2.144500000,0.941200000,0.000000000
sample,fixed_single,ordinary,1023,1023,4,383,2.126912117,2.138000000,1.005600000,0.000000000
sample,fixed_single,ordinary,1023,1023,5,383,2.271167994,2.285900000,0.903300000,0.000000000
sample,fixed_single,ordinary,1023,1023,6,383,2.128895998,2.138900000,0.905000000,0.000000000
sample,fixed_single,ordinary,1023,1023,7,383,2.152319908,2.161500000,1.026900000,0.000000000
sample,fixed_single,ordinary,1023,1023,8,383,2.179071903,2.194500000,0.952000000,0.000000000
sample,fixed_single,ordinary,1023,1023,9,383,2.134016037,2.144900000,0.901200000,0.000000000
sample,fixed_single,ordinary,1023,1023,10,383,2.193408012,2.203800000,0.881900000,0.000000000
sample,fixed_single,ordinary,1023,1023,11,383,2.158591986,2.169800000,1.048800000,0.000000000
sample,fixed_single,ordinary,1023,1023,12,383,2.136064053,2.147400000,0.836400000,0.000000000
sample,fixed_single,ordinary,1023,1023,13,383,2.247679949,2.257200000,1.188600000,0.000000000
sample,fixed_single,ordinary,1023,1023,14,383,2.191359997,2.202400000,1.211700000,0.000000000
sample,fixed_single,ordinary,1023,1023,15,383,2.117631912,2.127900000,0.882300000,0.000000000
sample,fixed_single,ordinary,1023,1023,16,383,2.164736032,2.175200000,0.878800000,0.000000000
sample,fixed_single,ordinary,1023,1023,17,383,2.212863922,2.228600000,1.001000000,0.000000000
sample,fixed_single,ordinary,1023,1023,18,383,2.132992029,2.142300000,0.869400000,0.000000000
sample,fixed_single,ordinary,1023,1023,19,383,2.117568016,2.126400000,0.704000000,0.000000000
sample,fixed_single,ordinary,1023,1023,20,383,2.139136076,2.155400000,1.183000000,0.000000000
sample,fixed_single,ordinary,1023,1023,21,383,2.187263966,2.197200000,1.162300000,0.000000000
sample,fixed_single,ordinary,1023,1023,22,383,2.226176023,2.249600000,0.994700000,0.000000000
sample,fixed_single,ordinary,1023,1023,23,383,2.148351908,2.167100000,0.989800000,0.000000000
sample,fixed_single,ordinary,1023,1023,24,383,2.117631912,2.127900000,0.841700000,0.000000000
sample,fixed_single,ordinary,1023,1023,25,383,2.192384005,2.202900000,0.961400000,0.000000000
sample,fixed_single,ordinary,1023,1023,26,383,2.221055984,2.235600000,0.990100000,0.000000000
sample,fixed_single,ordinary,1023,1023,27,383,2.163712025,2.174500000,1.125700000,0.000000000
sample,fixed_single,ordinary,1023,1023,28,383,2.130944014,2.140300000,1.005900000,0.000000000
sample,fixed_single,ordinary,1023,1023,29,383,2.154272079,2.165300000,1.155500000,0.000000000
sample,fixed_single,ordinary,1023,1023,30,383,2.146303892,2.169700000,1.000200000,0.000000000
sample,fixed_single,ordinary,1023,1023,31,383,2.235392094,2.244100000,0.991300000,0.000000000
sample,fixed_single,ordinary,1023,1023,32,383,2.129920006,2.140400000,1.252100000,0.000000000
sample,fixed_single,ordinary,1023,1023,33,383,2.125823975,2.135800000,0.850700000,0.000000000
sample,fixed_single,ordinary,1023,1023,34,383,2.153471947,2.162600000,0.932500000,0.000000000
sample,fixed_single,ordinary,1023,1023,35,383,2.167808056,2.178900000,1.082800000,0.000000000
sample,fixed_single,ordinary,1023,1023,36,383,2.170880079,2.186200000,1.298800000,0.000000000
sample,fixed_single,ordinary,1023,1023,37,383,2.165760040,2.175100000,1.121800000,0.000000000
sample,fixed_single,ordinary,1023,1023,38,383,2.204672098,2.214300000,0.888600000,0.000000000
sample,fixed_single,ordinary,1023,1023,39,383,2.254848003,2.265900000,1.404400000,0.000000000
sample,fixed_single,ordinary,1023,1023,40,383,2.153471947,2.163800000,0.835700000,0.000000000
sample,fixed_single,ordinary,1023,1023,41,383,2.142208099,2.153700000,0.860700000,0.000000000
sample,fixed_single,ordinary,1023,1023,42,383,2.217983961,2.236400000,1.111500000,0.000000000
sample,fixed_single,ordinary,1023,1023,43,383,2.117759943,2.126900000,0.739000000,0.000000000
sample,fixed_single,ordinary,1023,1023,44,383,2.126656055,2.135900000,0.914100000,0.000000000
sample,fixed_single,ordinary,1023,1023,45,383,2.138112068,2.153600000,0.892800000,0.000000000
sample,fixed_single,ordinary,1023,1023,46,383,2.215935946,2.224900000,0.921300000,0.000000000
sample,fixed_single,ordinary,1023,1023,47,383,2.137088060,2.149000000,1.021700000,0.000000000
sample,fixed_single,ordinary,1023,1023,48,383,2.152447939,2.168400000,0.806200000,0.000000000
sample,fixed_single,ordinary,1023,1023,49,383,2.204479933,2.226700000,0.978800000,0.000000000
sample,fixed_single,ordinary,1023,1023,50,383,2.158591986,2.172200000,1.077100000,0.000000000
sample,fixed_single,ordinary,1023,1023,51,383,2.240511894,2.251900000,0.819600000,0.000000000
sample,fixed_single,ordinary,1023,1023,52,383,2.126847982,2.140500000,0.769300000,0.000000000
sample,fixed_single,ordinary,1023,1023,53,383,2.195456028,2.205600000,0.927700000,0.000000000
sample,fixed_single,ordinary,1023,1023,54,383,2.155519962,2.172400000,0.884400000,0.000000000
sample,fixed_single,ordinary,1023,1023,55,383,2.211839914,2.235500000,1.149600000,0.000000000
sample,fixed_single,ordinary,1023,1023,56,383,2.215935946,2.235100000,0.935600000,0.000000000
sample,fixed_single,ordinary,1023,1023,57,383,2.257920027,2.282600000,1.431200000,0.000000000
sample,fixed_single,ordinary,1023,1023,58,383,2.163712025,2.173400000,0.843600000,0.000000000
sample,fixed_single,ordinary,1023,1023,59,383,2.186239958,2.196600000,1.020200000,0.000000000
sample,fixed_single,ordinary,1023,1023,60,383,2.172928095,2.184100000,1.492700000,0.000000000
sample,fixed_single,ordinary,1023,1023,61,383,2.229248047,2.240100000,1.194000000,0.000000000
sample,fixed_single,ordinary,1023,1023,62,383,2.240511894,2.258900000,0.911600000,0.000000000
sample,fixed_single,ordinary,1023,1023,63,383,2.231296062,2.253200000,0.984200000,0.000000000
sample,fixed_single,ordinary,1023,1023,64,383,2.123775959,2.135200000,0.974700000,0.000000000
sample,fixed_single,ordinary,1023,1023,65,383,2.117631912,2.129800000,0.911200000,0.000000000
sample,fixed_single,ordinary,1023,1023,66,383,2.151423931,2.176600000,0.900300000,0.000000000
sample,fixed_single,ordinary,1023,1023,67,383,2.161664009,2.189500000,1.048200000,0.000000000
sample,fixed_single,ordinary,1023,1023,68,383,2.164736032,2.184800000,1.523600000,0.000000000
sample,fixed_single,ordinary,1023,1023,69,383,2.152447939,2.171200000,0.842500000,0.000000000
sample,fixed_single,ordinary,1023,1023,70,383,2.152447939,2.172700000,0.872700000,0.000000000
sample,fixed_single,ordinary,1023,1023,71,383,2.153471947,2.163000000,1.068400000,0.000000000
sample,fixed_single,ordinary,1023,1023,72,383,2.168704033,2.177500000,0.966900000,0.000000000
sample,fixed_single,ordinary,1023,1023,73,383,2.199552059,2.208600000,0.951800000,0.000000000
sample,fixed_single,ordinary,1023,1023,74,383,2.189311981,2.200000000,1.384400000,0.000000000
sample,fixed_single,ordinary,1023,1023,75,383,2.236416101,2.255000000,1.561900000,0.000000000
sample,fixed_single,ordinary,1023,1023,76,383,2.180095911,2.192500000,1.025900000,0.000000000
sample,fixed_single,ordinary,1023,1023,77,383,2.402303934,2.423100000,1.459500000,0.000000000
sample,fixed_single,ordinary,1023,1023,78,383,2.195391893,2.212800000,1.023700000,0.000000000
sample,fixed_single,ordinary,1023,1023,79,383,2.147200108,2.159000000,1.175400000,0.000000000
sample,fixed_single,ordinary,1023,1023,80,383,2.236416101,2.249000000,1.397500000,0.000000000
sample,fixed_single,ordinary,1023,1023,81,383,2.252799988,2.263500000,1.007400000,0.000000000
sample,fixed_single,ordinary,1023,1023,82,383,2.201600075,2.212600000,1.221200000,0.000000000
sample,fixed_single,ordinary,1023,1023,83,383,2.219007969,2.230000000,1.448700000,0.000000000
sample,fixed_single,ordinary,1023,1023,84,383,2.240511894,2.262500000,1.705100000,0.000000000
sample,fixed_single,ordinary,1023,1023,85,383,2.180095911,2.194300000,1.200200000,0.000000000
sample,fixed_single,ordinary,1023,1023,86,383,2.229248047,2.240100000,1.275200000,0.000000000
sample,fixed_single,ordinary,1023,1023,87,383,2.219007969,2.229400000,1.407600000,0.000000000
sample,fixed_single,ordinary,1023,1023,88,383,2.183167934,2.203300000,0.910700000,0.000000000
sample,fixed_single,ordinary,1023,1023,89,383,2.219007969,2.229500000,1.539800000,0.000000000
sample,fixed_single,ordinary,1023,1023,90,383,2.214911938,2.225800000,1.012300000,0.000000000
sample,fixed_single,ordinary,1023,1023,91,383,2.176000118,2.187800000,0.925300000,0.000000000
sample,fixed_single,ordinary,1023,1023,92,383,2.216959953,2.227600000,0.932800000,0.000000000
sample,fixed_single,ordinary,1023,1023,93,383,2.178047895,2.189200000,0.765400000,0.000000000
sample,fixed_single,ordinary,1023,1023,94,383,2.216959953,2.227900000,0.746900000,0.000000000
sample,fixed_single,ordinary,1023,1023,95,383,2.211839914,2.221200000,0.793600000,0.000000000
sample,fixed_single,ordinary,1023,1023,96,383,2.265088081,2.274200000,1.105600000,0.000000000
sample,fixed_single,ordinary,1023,1023,97,383,2.194432020,2.204200000,0.903300000,0.000000000
sample,fixed_single,ordinary,1023,1023,98,383,2.263040066,2.272600000,0.849500000,0.000000000
sample,fixed_single,ordinary,1023,1023,99,383,2.282495975,2.293300000,1.215600000,0.000000000
sample,fixed_single,ordinary,1023,1023,100,383,2.180095911,2.200100000,0.780100000,0.000000000
sample,fixed_single,ordinary,1023,1023,101,383,2.194432020,2.206000000,0.982000000,0.000000000
sample,fixed_single,ordinary,1023,1023,102,383,2.179071903,2.193900000,1.603800000,0.000000000
sample,fixed_single,ordinary,1023,1023,103,383,2.217983961,2.227700000,0.887200000,0.000000000
sample,fixed_single,ordinary,1023,1023,104,383,2.209791899,2.219600000,0.818800000,0.000000000
sample,fixed_single,ordinary,1023,1023,105,383,2.204672098,2.216900000,1.033900000,0.000000000
sample,fixed_single,ordinary,1023,1023,106,383,2.210815907,2.225700000,1.522400000,0.000000000
sample,fixed_single,ordinary,1023,1023,107,383,2.207743883,2.222600000,1.623300000,0.000000000
sample,fixed_single,ordinary,1023,1023,108,383,2.226176023,2.238800000,0.917700000,0.000000000
sample,fixed_single,ordinary,1023,1023,109,383,2.199552059,2.217300000,1.129000000,0.000000000
sample,fixed_single,ordinary,1023,1023,110,383,2.165760040,2.175500000,1.051100000,0.000000000
sample,fixed_single,ordinary,1023,1023,111,383,2.160640001,2.169700000,0.841500000,0.000000000
sample,fixed_single,ordinary,1023,1023,112,383,2.129920006,2.139000000,0.859100000,0.000000000
sample,fixed_single,ordinary,1023,1023,113,383,2.164736032,2.174900000,1.171300000,0.000000000
sample,fixed_single,ordinary,1023,1023,114,383,2.233344078,2.250600000,0.784300000,0.000000000
sample,fixed_single,ordinary,1023,1023,115,383,2.157567978,2.168600000,0.877900000,0.000000000
sample,fixed_single,ordinary,1023,1023,116,383,2.131968021,2.140900000,0.744000000,0.000000000
sample,fixed_single,ordinary,1023,1023,117,383,2.134016037,2.142300000,0.834700000,0.000000000
sample,fixed_single,ordinary,1023,1023,118,383,2.157471895,2.165500000,0.655400000,0.000000000
sample,fixed_single,ordinary,1023,1023,119,383,2.154335976,2.162900000,0.842400000,0.000000000
sample,fixed_single,ordinary,1023,1023,120,383,2.132992029,2.144300000,1.078100000,0.000000000
sample,fixed_single,ordinary,1023,1023,121,383,2.203648090,2.223800000,1.198200000,0.000000000
sample,fixed_single,ordinary,1023,1023,122,383,2.177023888,2.189600000,1.009600000,0.000000000
sample,fixed_single,ordinary,1023,1023,123,383,2.311167955,2.323800000,1.196100000,0.000000000
sample,fixed_single,ordinary,1023,1023,124,383,2.188287973,2.206100000,1.464500000,0.000000000
sample,fixed_single,ordinary,1023,1023,125,383,2.190335989,2.199600000,0.800300000,0.000000000
sample,fixed_single,ordinary,1023,1023,126,383,2.207743883,2.218400000,1.287800000,0.000000000
sample,fixed_single,ordinary,1023,1023,127,383,2.187263966,2.203800000,1.247400000,0.000000000
sample,fixed_single,ordinary,1023,1023,128,383,2.235392094,2.245400000,0.801500000,0.000000000
sample,fixed_single,ordinary,1023,1023,129,383,2.208767891,2.218700000,0.947400000,0.000000000
sample,fixed_single,ordinary,1023,1023,130,383,2.159615993,2.168500000,0.846900000,0.000000000
sample,fixed_single,ordinary,1023,1023,131,383,2.169856071,2.179700000,0.963200000,0.000000000
sample,fixed_single,ordinary,1023,1023,132,383,2.172928095,2.182400000,1.504800000,0.000000000
sample,fixed_single,ordinary,1023,1023,133,383,2.183167934,2.195100000,0.882600000,0.000000000
sample,fixed_single,ordinary,1023,1023,134,383,2.210815907,2.229800000,1.665400000,0.000000000
sample,fixed_single,ordinary,1023,1023,135,383,2.200576067,2.215100000,1.177200000,0.000000000
sample,fixed_single,ordinary,1023,1023,136,383,2.358272076,2.372300000,1.049600000,0.000000000
sample,fixed_single,ordinary,1023,1023,137,383,2.248703957,2.264400000,1.447300000,0.000000000
sample,fixed_single,ordinary,1023,1023,138,383,2.214911938,2.232600000,1.176600000,0.000000000
sample,fixed_single,ordinary,1023,1023,139,383,2.275327921,2.291400000,1.567400000,0.000000000
sample,fixed_single,ordinary,1023,1023,140,383,2.217983961,2.228000000,1.435100000,0.000000000
sample,fixed_single,ordinary,1023,1023,141,383,2.170880079,2.180800000,1.451200000,0.000000000
sample,fixed_single,ordinary,1023,1023,142,383,2.188287973,2.205100000,1.333800000,0.000000000
sample,fixed_single,ordinary,1023,1023,143,383,2.190335989,2.205800000,1.149800000,0.000000000
sample,fixed_single,ordinary,1023,1023,144,383,2.222079992,2.238000000,1.392400000,0.000000000
sample,fixed_single,ordinary,1023,1023,145,383,2.226176023,2.241200000,0.908200000,0.000000000
sample,fixed_single,ordinary,1023,1023,146,383,2.221055984,2.232400000,1.289300000,0.000000000
sample,fixed_single,ordinary,1023,1023,147,383,2.199552059,2.210400000,0.925900000,0.000000000
sample,fixed_single,ordinary,1023,1023,148,383,2.183167934,2.199400000,1.483000000,0.000000000
sample,fixed_single,ordinary,1023,1023,149,383,2.153471947,2.163200000,0.782300000,0.000000000
sample,fixed_single,ordinary,1023,1023,150,383,2.195456028,2.204800000,1.194400000,0.000000000
sample,fixed_single,ordinary,1023,1023,151,383,2.159615993,2.175400000,0.896100000,0.000000000
sample,fixed_single,ordinary,1023,1023,152,383,2.205696106,2.216300000,0.889300000,0.000000000
sample,fixed_single,ordinary,1023,1023,153,383,2.240511894,2.253600000,0.942400000,0.000000000
sample,fixed_single,ordinary,1023,1023,154,383,2.193408012,2.211800000,1.096900000,0.000000000
sample,fixed_single,ordinary,1023,1023,155,383,2.212863922,2.223600000,0.908600000,0.000000000
sample,fixed_single,ordinary,1023,1023,156,383,2.171904087,2.182900000,1.018500000,0.000000000
sample,fixed_single,ordinary,1023,1023,157,383,2.216959953,2.235500000,0.900000000,0.000000000
sample,fixed_single,ordinary,1023,1023,158,383,2.216959953,2.228000000,1.290400000,0.000000000
sample,fixed_single,ordinary,1023,1023,159,383,2.213887930,2.225300000,1.388700000,0.000000000
sample,fixed_single,ordinary,1023,1023,160,383,2.179071903,2.190300000,1.471800000,0.000000000
sample,fixed_single,ordinary,1023,1023,161,383,2.173952103,2.184100000,0.915700000,0.000000000
sample,fixed_single,ordinary,1023,1023,162,383,2.159615993,2.169500000,0.762000000,0.000000000
sample,fixed_single,ordinary,1023,1023,163,383,2.163712025,2.184000000,0.858800000,0.000000000
sample,fixed_single,ordinary,1023,1023,164,383,2.138112068,2.153100000,0.766100000,0.000000000
sample,fixed_single,ordinary,1023,1023,165,383,2.161664009,2.170500000,0.807500000,0.000000000
sample,fixed_single,ordinary,1023,1023,166,383,2.134016037,2.145300000,0.900900000,0.000000000
sample,fixed_single,ordinary,1023,1023,167,383,2.130944014,2.140600000,0.750200000,0.000000000
sample,fixed_single,ordinary,1023,1023,168,383,2.210752010,2.219600000,0.912100000,0.000000000
sample,fixed_single,ordinary,1023,1023,169,383,2.137088060,2.152500000,0.900100000,0.000000000
sample,fixed_single,ordinary,1023,1023,170,383,2.165760040,2.175100000,0.835200000,0.000000000
sample,fixed_single,ordinary,1023,1023,171,383,2.198528051,2.207300000,0.776800000,0.000000000
sample,fixed_single,ordinary,1023,1023,172,383,2.139039993,2.154600000,1.227200000,0.000000000
sample,fixed_single,ordinary,1023,1023,173,383,2.199552059,2.214700000,1.504000000,0.000000000
sample,fixed_single,ordinary,1023,1023,174,383,2.178047895,2.189700000,1.478100000,0.000000000
sample,fixed_single,ordinary,1023,1023,175,383,2.278399944,2.289300000,1.762300000,0.000000000
sample,fixed_single,ordinary,1023,1023,176,383,2.183167934,2.202800000,1.043100000,0.000000000
sample,fixed_single,ordinary,1023,1023,177,383,2.202624083,2.215000000,0.855500000,0.000000000
sample,fixed_single,ordinary,1023,1023,178,383,2.212863922,2.223500000,1.179900000,0.000000000
sample,fixed_single,ordinary,1023,1023,179,383,2.210815907,2.221500000,0.812600000,0.000000000
sample,fixed_single,ordinary,1023,1023,180,383,2.413568020,2.426700000,1.296000000,0.000000000
sample,fixed_single,ordinary,1023,1023,181,383,2.224128008,2.246200000,1.397900000,0.000000000
sample,fixed_single,ordinary,1023,1023,182,383,2.167808056,2.184700000,1.361600000,0.000000000
sample,fixed_single,ordinary,1023,1023,183,383,2.241535902,2.252100000,1.195300000,0.000000000
sample,fixed_single,ordinary,1023,1023,184,383,2.136064053,2.147900000,0.903300000,0.000000000
sample,fixed_single,ordinary,1023,1023,185,383,2.134016037,2.147700000,0.963600000,0.000000000
sample,fixed_single,ordinary,1023,1023,186,383,2.239487886,2.250900000,0.936000000,0.000000000
sample,fixed_single,ordinary,1023,1023,187,383,2.136064053,2.151600000,1.199900000,0.000000000
sample,fixed_single,ordinary,1023,1023,188,383,2.200576067,2.220400000,0.913700000,0.000000000
sample,fixed_single,ordinary,1023,1023,189,383,2.167808056,2.182200000,0.675600000,0.000000000
sample,fixed_single,ordinary,1023,1023,190,383,2.133951902,2.143600000,0.902400000,0.000000000
sample,fixed_single,ordinary,1023,1023,191,383,2.210815907,2.220800000,0.777500000,0.000000000
sample,fixed_single,ordinary,1023,1023,192,383,2.179071903,2.189900000,0.717900000,0.000000000
sample,fixed_single,ordinary,1023,1023,193,383,2.179071903,2.190400000,1.349400000,0.000000000
sample,fixed_single,ordinary,1023,1023,194,383,2.209791899,2.220400000,0.824400000,0.000000000
sample,fixed_single,ordinary,1023,1023,195,383,2.210815907,2.301900000,0.756200000,0.000000000
sample,fixed_single,ordinary,1023,1023,196,383,2.238464117,2.266700000,1.047500000,0.000000000
sample,fixed_single,ordinary,1023,1023,197,383,2.211839914,2.222700000,0.777800000,0.000000000
sample,fixed_single,ordinary,1023,1023,198,383,2.244607925,2.254700000,0.984900000,0.000000000
sample,fixed_single,ordinary,1023,1023,199,383,2.173952103,2.186100000,0.861800000,0.000000000
sample,fixed_single,ordinary,1023,1023,200,383,2.251775980,2.269400000,1.550700000,0.000000000
sample,fixed_single,ordinary,1023,1023,201,383,2.214911938,2.226000000,1.072400000,0.000000000
sample,fixed_single,ordinary,1023,1023,202,383,2.180095911,2.191700000,1.243600000,0.000000000
sample,fixed_single,ordinary,1023,1023,203,383,2.178047895,2.189600000,1.117800000,0.000000000
sample,fixed_single,ordinary,1023,1023,204,383,2.168832064,2.179300000,1.033800000,0.000000000
sample,fixed_single,ordinary,1023,1023,205,383,2.161632061,2.169400000,1.016200000,0.000000000
sample,fixed_single,ordinary,1023,1023,206,383,2.164511919,2.172600000,0.788700000,0.000000000
sample,fixed_single,ordinary,1023,1023,207,383,2.173919916,2.183600000,1.253300000,0.000000000
sample,fixed_single,ordinary,1023,1023,208,383,3.337248087,3.351400000,3.005900000,0.000000000
sample,fixed_single,ordinary,1023,1023,209,383,2.165760040,2.175700000,1.008100000,0.000000000
sample,fixed_single,ordinary,1023,1023,210,383,2.173952103,2.183800000,0.840300000,0.000000000
sample,fixed_single,ordinary,1023,1023,211,383,2.179071903,2.191000000,0.924500000,0.000000000
sample,fixed_single,ordinary,1023,1023,212,383,2.220031977,2.231100000,1.061600000,0.000000000
sample,fixed_single,ordinary,1023,1023,213,383,2.223104000,2.233400000,1.271800000,0.000000000
sample,fixed_single,ordinary,1023,1023,214,383,2.219007969,2.229500000,1.256200000,0.000000000
sample,fixed_single,ordinary,1023,1023,215,383,2.301951885,2.311800000,0.919800000,0.000000000
sample,fixed_single,ordinary,1023,1023,216,383,2.250751972,2.261600000,1.257700000,0.000000000
sample,fixed_single,ordinary,1023,1023,217,383,2.169856071,2.181600000,1.183500000,0.000000000
sample,fixed_single,ordinary,1023,1023,218,383,2.180095911,2.194400000,1.362500000,0.000000000
sample,fixed_single,ordinary,1023,1023,219,383,2.154495955,2.164900000,0.925500000,0.000000000
sample,fixed_single,ordinary,1023,1023,220,383,2.132992029,2.144400000,1.009400000,0.000000000
sample,fixed_single,ordinary,1023,1023,221,383,2.158591986,2.167200000,0.796100000,0.000000000
sample,fixed_single,ordinary,1023,1023,222,383,2.232320070,2.240500000,1.115100000,0.000000000
sample,fixed_single,ordinary,1023,1023,223,383,2.166784048,2.175500000,0.769900000,0.000000000
sample,fixed_single,ordinary,1023,1023,224,383,2.169856071,2.178600000,0.872300000,0.000000000
sample,fixed_single,ordinary,1023,1023,225,383,2.169856071,2.178700000,0.921900000,0.000000000
sample,fixed_single,ordinary,1023,1023,226,383,2.183167934,2.191700000,0.790100000,0.000000000
sample,fixed_single,ordinary,1023,1023,227,383,2.159615993,2.168900000,0.915300000,0.000000000
sample,fixed_single,ordinary,1023,1023,228,383,2.149375916,2.158000000,0.848000000,0.000000000
sample,fixed_single,ordinary,1023,1023,229,383,2.163712025,2.174200000,0.924100000,0.000000000
sample,fixed_single,ordinary,1023,1023,230,383,2.151135921,2.158900000,0.851000000,0.000000000
sample,fixed_single,ordinary,1023,1023,231,383,2.164736032,2.174300000,0.893400000,0.000000000
sample,fixed_single,ordinary,1023,1023,232,383,2.162688017,2.171600000,0.782400000,0.000000000
sample,fixed_single,ordinary,1023,1023,233,383,2.183167934,2.199900000,1.028700000,0.000000000
sample,fixed_single,ordinary,1023,1023,234,383,3.351552010,3.368800000,2.426700000,0.000000000
sample,fixed_single,ordinary,1023,1023,235,383,2.146303892,2.165800000,1.074800000,0.000000000
sample,fixed_single,ordinary,1023,1023,236,383,2.134016037,2.154900000,0.727300000,0.000000000
sample,fixed_single,ordinary,1023,1023,237,383,2.133023977,2.148700000,0.781000000,0.000000000
sample,fixed_single,ordinary,1023,1023,238,383,2.147327900,2.161700000,1.000900000,0.000000000
sample,fixed_single,ordinary,1023,1023,239,383,2.206720114,2.216800000,0.761000000,0.000000000
sample,fixed_single,ordinary,1023,1023,240,383,2.240511894,2.251200000,0.832700000,0.000000000
sample,fixed_single,ordinary,1023,1023,241,383,2.179071903,2.191500000,1.051400000,0.000000000
sample,fixed_single,ordinary,1023,1023,242,383,2.162688017,2.172000000,1.214800000,0.000000000
sample,fixed_single,ordinary,1023,1023,243,383,2.171904087,2.189600000,1.013100000,0.000000000
sample,fixed_single,ordinary,1023,1023,244,383,2.164736032,2.173000000,0.847400000,0.000000000
sample,fixed_single,ordinary,1023,1023,245,383,2.167648077,2.175700000,0.920000000,0.000000000
sample,fixed_single,ordinary,1023,1023,246,383,2.169759989,2.178000000,0.878800000,0.000000000
sample,fixed_single,ordinary,1023,1023,247,383,2.159679890,2.168900000,0.815000000,0.000000000
sample,fixed_single,ordinary,1023,1023,248,383,2.160543919,2.168400000,0.857300000,0.000000000
sample,fixed_single,ordinary,1023,1023,249,383,2.196480036,2.205800000,0.846600000,0.000000000
sample,fixed_single,ordinary,1023,1023,250,383,2.134016037,2.144400000,1.124800000,0.000000000
sample,fixed_single,ordinary,1023,1023,251,383,2.145279884,2.158500000,1.114300000,0.000000000
sample,fixed_single,ordinary,1023,1023,252,383,2.149375916,2.161700000,0.819000000,0.000000000
sample,fixed_single,ordinary,1023,1023,253,383,2.179071903,2.189300000,0.881300000,0.000000000
sample,fixed_single,ordinary,1023,1023,254,383,2.178047895,2.188700000,0.873100000,0.000000000
sample,fixed_single,ordinary,1023,1023,255,383,2.180095911,2.190600000,1.470600000,0.000000000
sample,fixed_batch16,ordinary,1023,1023,0,383,2.157824039,2.160506250,1.884643750,0.000000000
sample,fixed_batch16,ordinary,1023,1023,1,383,2.155970097,2.157818750,1.657875000,0.000000000
sample,fixed_batch16,ordinary,1023,1023,2,383,2.155391932,2.157500000,1.149087500,0.000000000
sample,fixed_batch16,ordinary,1023,1023,3,383,2.159552097,2.160793750,1.173300000,0.000000000
sample,fixed_batch16,ordinary,1023,1023,4,383,2.172991991,2.174125000,1.187906250,0.000000000
sample,fixed_batch16,ordinary,1023,1023,5,383,2.188735962,2.190325000,1.904068750,0.000000000
sample,fixed_batch16,ordinary,1023,1023,6,383,2.226687908,2.228325000,1.885681250,0.000000000
sample,fixed_batch16,ordinary,1023,1023,7,383,2.185152054,2.186693750,1.492687500,0.000000000
sample,fixed_batch16,ordinary,1023,1023,8,383,2.146176100,2.148362500,1.180181250,0.000000000
sample,fixed_batch16,ordinary,1023,1023,9,383,2.122495890,2.126231250,1.974143750,0.000000000
sample,fixed_batch16,ordinary,1023,1023,10,383,2.541696072,2.543837500,2.239950000,0.000000000
sample,fixed_batch16,ordinary,1023,1023,11,383,2.193856001,2.198143750,1.396537500,0.000000000
sample,fixed_batch16,ordinary,1023,1023,12,383,2.183347940,2.185018750,1.328487500,0.000000000
sample,fixed_batch16,ordinary,1023,1023,13,383,2.162944078,2.165593750,1.513500000,0.000000000
sample,fixed_batch16,ordinary,1023,1023,14,383,2.155839920,2.157218750,1.318481250,0.000000000
sample,fixed_batch16,ordinary,1023,1023,15,383,2.219840050,2.221225000,1.193631250,0.000000000
sample,fixed_batch16,ordinary,1023,1023,16,383,2.216768026,2.219350000,2.064437500,0.000000000
sample,fixed_batch16,ordinary,1023,1023,17,383,2.150144100,2.151581250,1.190075000,0.000000000
sample,fixed_batch16,ordinary,1023,1023,18,383,2.151103973,2.153631250,1.297331250,0.000000000
sample,fixed_batch16,ordinary,1023,1023,19,383,2.159296036,2.161825000,1.213881250,0.000000000
sample,fixed_batch16,ordinary,1023,1023,20,383,2.205503941,2.208312500,1.156468750,0.000000000
sample,fixed_batch16,ordinary,1023,1023,21,383,2.186559916,2.190275000,1.334481250,0.000000000
sample,fixed_batch16,ordinary,1023,1023,22,383,2.167104006,2.170762500,1.174900000,0.000000000
sample,fixed_batch16,ordinary,1023,1023,23,383,2.226624012,2.229937500,1.186068750,0.000000000
sample,fixed_batch16,ordinary,1023,1023,24,383,2.252671957,2.257993750,1.512868750,0.000000000
sample,fixed_batch16,ordinary,1023,1023,25,383,2.195199966,2.197862500,1.267087500,0.000000000
sample,fixed_batch16,ordinary,1023,1023,26,383,2.211136103,2.214081250,1.274081250,0.000000000
sample,fixed_batch16,ordinary,1023,1023,27,383,2.247679949,2.250112500,1.292818750,0.000000000
sample,fixed_batch16,ordinary,1023,1023,28,383,2.163264036,2.166550000,1.153931250,0.000000000
sample,fixed_batch16,ordinary,1023,1023,29,383,2.265599966,2.267475000,1.979431250,0.000000000
sample,fixed_batch16,ordinary,1023,1023,30,383,2.160192013,2.163050000,1.651368750,0.000000000
sample,fixed_batch16,ordinary,1023,1023,31,383,2.207936049,2.209250000,1.620987500,0.000000000
sample,fixed_batch16,ordinary,1023,1023,32,383,2.182080030,2.183487500,1.237418750,0.000000000
sample,fixed_batch16,ordinary,1023,1023,33,383,2.234047890,2.236681250,1.975393750,0.000000000
sample,fixed_batch16,ordinary,1023,1023,34,383,2.143676043,2.145037500,1.572075000,0.000000000
sample,fixed_batch16,ordinary,1023,1023,35,383,2.197887897,2.198943750,1.142143750,0.000000000
sample,fixed_batch16,ordinary,1023,1023,36,383,2.150399923,2.152062500,1.202318750,0.000000000
sample,fixed_batch16,ordinary,1023,1023,37,383,2.234560013,2.236818750,1.875075000,0.000000000
sample,fixed_batch16,ordinary,1023,1023,38,383,2.196608067,2.198575000,1.436406250,0.000000000
sample,fixed_batch16,ordinary,1023,1023,39,383,2.233344078,2.237443750,1.291156250,0.000000000
sample,fixed_batch16,ordinary,1023,1023,40,383,2.219520092,2.223025000,1.231118750,0.000000000
sample,fixed_batch16,ordinary,1023,1023,41,383,2.221760035,2.224462500,1.784668750,0.000000000
sample,fixed_batch16,ordinary,1023,1023,42,383,2.184191942,2.187512500,1.448525000,0.000000000
sample,fixed_batch16,ordinary,1023,1023,43,383,2.213567972,2.216862500,1.334025000,0.000000000
sample,fixed_batch16,ordinary,1023,1023,44,383,2.232192039,2.234950000,1.316381250,0.000000000
sample,fixed_batch16,ordinary,1023,1023,45,383,2.231359959,2.234181250,1.321106250,0.000000000
sample,fixed_batch16,ordinary,1023,1023,46,383,2.249984026,2.252825000,1.270556250,0.000000000
sample,fixed_batch16,ordinary,1023,1023,47,383,2.204731941,2.207462500,1.235531250,0.000000000
sample,fixed_batch16,ordinary,1023,1023,48,383,2.224832058,2.226337500,1.666275000,0.000000000
sample,fixed_batch16,ordinary,1023,1023,49,383,2.172352076,2.174025000,1.193787500,0.000000000
